12
000000000001
111101100100 
100000100010
000101101100
110101011110
100111001110
110110011110
010001111010
100010011100
001001110000
011001010000
101000001010
010000010110
111000001000
110111100100
101100010000
000100110110
111111000110
011101111000
010011110110
111000001000
001010100110
001110110010
101111101010
010100100010
100001010010
111001101110
011001000110
101000010010
000100110100
110001101100
000100001000
110001010010
111111001110
001111100110
100100100100
001110111110
100100010010
111001011010
100101010010
010111011110
010111110000
101110101100
111100011110
001011101010
101110011010
110001100100
101010000010
000101101100
001010011100
010000111100
111010111100
001111001110
100000000000
101111101110
001111101000
011000111100
001011000000
000100101100
101010100110
011011001100
010000100100
001101001100
110110101010
100011101000
000010100100
110100100000
101100001010
011111011010
101111100000
111110010000
010111100110
101100100100
011101110010
100010011110
001011000000
100101101100
101010111000
011001001100
111100110010
101111100100
000011110000
110110001010
011001000000
111010111100
110110110010
101110110100
111000010100
100010110100
101100000010
100110011100
111110111100
000111110010
011000110100
100010011010
101010000000
010101110010
001011001010
110101011010
001001000100
110001000000
101110011110
110010110010
011101101100
001110000010
111010001010
110011101100
100001010010
000011101000
001110000010
101111001010
000111110110
000100000000
101101000000
000100001010
001110110000
111101111110
000000000001
010110101000
110100101010
010111100010
010100000110
001110001110
100110111000
111111001000
011001010110
000000100010
100100000000
110111100010
001001100000
010011001110
100000001000
010101101100
011111010110
011111010100
000101111110
000001011100
001000011000
000000000001
111100101010 
110011110110
010101100010
111100011110
111100101100
100011101000
011001110000
010000010000
011100000100
111101100100
000101110100
101100100010
010011011100
101110101100
010110100100
001111100000
110110100010
111000111110
001000001100
100110011110
100011110000
000000110010
100101101110
110110011000
101000100110
111001011110
110100011000
100100101010
101101000010
010011000100
011001110000
110011001100
000101010010
110110001100
111001111000
110110010110
001100011100
111001100010
001110011110
011101101100
100011000110
101010000100
001110101000
111111011100
001001010000
001111111010
011100000110
110111110010
010110011000
110000110010
011001100110
011000111110
011111100010
100110010000
110001101100
010101100110
011010110000
100101010100
100111111000
001110001100
111001100000
000011000100
100110000100
111100100100
110101011100
101101111010
100110000000
001100111110
101110110110
101000011100
100000100010
110101111010
001111111100
010000000000
010011101100
100010111100
111001001100
110101100000
110110110110
110100011010
001000100110
101000110110
001011110010
001111011100
011110011010
000110111100
111110000100
010010011000
101000001110
001010010100
111011001000
101110110110
111010100000
101110010110
100010100110
111011110100
011111000010
111110011010
001101110010
001100011100
110111101100
111010000100
000010100110
000011101110
000100011010
100000110110
101011010000
010101010100
000111111000
001100111110
101100000000
001101001110
011000111110
011000010010
000000000001
010110101000 
110100101010
010111100010
010100000110
001110001110
100110111000
111111001000
011001010110
000000100010
100100000000
110111100010
001001100000
010011001110
100000001000
010101101100
011111010110
011111010100
000101111110
000001011100
001000011000
000000000001
111101100100 
100000100010
000101101100
110101011110
100111001110
110110011110
010001111010
100010011100
001001110000
011001010000
101000001010
010000010110
111000001000
110111100100
101100010000
000100110110
111111000110
011101111000
010011110110
111000001000
001010100110
001110110010
101111101010
010100100010
100001010010
111001101110
011001000110
101000010010
000100110100
110001101100
000100001000
110001010010
111111001110
001111100110
100100100100
001110111110
100100010010
111001011010
100101010010
010111011110
010111110000
101110101100
111100011110
001011101010
101110011010
110001100100
101010000010
000101101100
001010011100
010000111100
111010111100
001111001110
100000000000
101111101110
001111101000
011000111100
001011000000
000100101100
101010100110
011011001100
010000100100
001101001100
110110101010
100011101000
000010100100
110100100000
101100001010
011111011010
101111100000
111110010000
010111100110
101100100100
011101110010
100010011110
001011000000
100101101100
101010111000
011001001100
111100110010
101111100100
000011110000
110110001010
011001000000
111010111100
110110110010
101110110100
111000010100
100010110100
101100000010
100110011100
111110111100
000111110010
011000110100
100010011010
101010000000
010101110010
001011001010
110101011010
001001000100
110001000000
101110011110
110010110010
011101101100
001110000010
111010001010
110011101100
100001010010
000011101000
001110000010
101111001010
000111110110
000100000000
101101000000
000100001010
001110110000
111101111110
000000000001
010110101000
110100101010
010111001100
111101100110
101000001010
111011100010
110010001100
010001100000
000000000001
111101100100 
100000100010
000101101100
110101011110
100111001110
000111001110
111000010110
011000101100
101000101010
010011111100
010000110000
010000110100
011100011110
111011011000
101010000000
110000111000
001111011000
001000000010
001010111000
011100100100
000000001000
111101001100
000010110110
011010110000
001101011000
101110101110
110110110110
100101001010
110111100000
111100100100
001101100000
111001001110
000100110110
101110110010
XXXXXXXXXXXX
END
v393
v405
