12
000000000001
010101010000
011101100110
101010101100
101000101110
110010111110
110101001110
100100100100
111101101010
100101010110
010001101110
010000011010
010101110000
111111000010
110111111010
010011100000
110111010110
001101001100
101000101100
001110110110
001000100100
011111000100
000110111000
101100010000
000011100100
111101100100
001001100000
110101101000
111001000100
000100110010
001111100010
110100101110
100110010000
001000111110
110000101000
010010010010
011011101100
100101011000
001111010010
100111001110
001100100010
101001010000
111010000000
100111111110
101100001110
000110110000
111111110100
100101010010
000101010000
111011001100
011111011000
001011001010
000100110100
000011111110
111010001110
010111001100
010011111110
010010100010
100011111000
001000101100
010000100000
000101000100
011011001010
101000101000
011111101100
101101000010
000011001100
100010110100
100100110100
001111101110
111101101000
101101111110
010101010110
000100000010
000100101010
010000011010
000101001010
011110100010
110110000110
110010101110
101100110010
000101001100
010010100000
001001101100
101101010000
110000001110
010100001110
111000101100
111000000010
000000110010
000001111000
010111010010
010111000000
001100101110
101111100100
111111001000
001101001100
011101100010
111010011100
000010101010
101001111010
011110110000
101110110010
011000101110
000001001100
110110111110
011000001010
111010101110
001000110100
100101101010
101011001000
011100001100
101110000100
110110100010
011111001000
011001011110
100100111100
000000000001
010110101000 
110100101010
010111100010
010100000110
001110001110
100110111000
111111001000
011001010110
000000100010
100100000000
110111100010
001001100000
010011001110
100000001000
010101101100
011111010110
011111010100
000101111110
000001011100
001000011000
END
