33
000000000000000000000000000000001
010111100011011000010000111100010 
001111110110000101101001001010010
011110001011111101100101110111100
110000000100111100111101101100000
100111010011011010001111100101100
001010000100010011111101011001100
000100110011111000000101000011110
100110000001000110110011101101110
100011010010000111010011111110100
111101111101111101001110101100100
101010111100101111100101111010000
011100110110100011111001001000010
101111111101011110110010010100000
011011101001110010011000101100100
111100110101011111101010011111000
000001010011100111110000101001100
001010100100111001001000011100000
010011010011000001101100001101110
101000101110100111110110001110000
010011000010110001010001100101110
000010001010000100000010110011100
101111101011101111100011011011100
111010101010110010100111110001010
010010000011111100100010011101100
010010101000101111010101011111010
111110000000001101100011010100000
000101010100110011011010101110110
100011001011111001000001101001110
100100101010010011111100101101110
110110100111011110110001100011010
000000111100010101001001001011100
001111101110101010010110000101100
011110110000010101110010000100110
000011101100110101111101001100010
111111110100100001000011001100100
100101001000011111111110010000100
011010110001100000010000000011000
010110010110011011001010001100110
000010011110000101100100010001010
001110011000000110110010110011100
111111101100100111011000111111100
100001111101010110000011001100100
111000101010111110111111111010000
010001000001100010100010111010110
101100111101011001010101000101100
111001111100001110101101111111110
101110000010110000101011100101010
001010111111000011010010110101100
010011111010111001001110111110110
111100000100100111111101001110110
000101000001111101001101101010000
111011011000010101001101111011100
111111011001101111010000001001010
110110111101010110010011001000000
000000100000000011110000101111100
010100010111000000011001110110110
110011000000000110001010110100000
000010111110110101000110000100000
110100011110100010011001110111000
010000111110001001010010011110010
101011001101100100011000111010100
101011001101011101001011111100000
000101001110111101100100010110110
001010101011011101001000010101100
001110000110001000010101111101000
100001001001011000101000111011010
101000001111000111100111001001010
100011011100001110110000111011100
000011001111001100000001011000110
110100111001001110111001111101000
000101110101110001010001010010000
110000100000000111000110101010100
011100111001001010000111011100100
110111001011111111010010100001110
000110010011101000011100111001110
000100010101000110001001101111110
111110010111110100101111001001110
111100101010001011101011000010100
111110111001111110101010110001010
101100000011011011011100111101100
101000101001110011000011101000110
000111101100101100000000111100000
001101100000101011100111001001110
000010100111011011010110111010100
011000000001100101011110011111000
100101001000001001111000000100110
010000110010101010001110100011010
111110111111100110101001100111100
010000100101110000011001011010010
101010110000011101100010110011000
010110011011100101100000110000010
010110100110100010110010101100000
100101110010111110000101110010000
101010000001110110011101010010010
000011010110010111100011111000100
100010011111010100111100101101010
011010100001111000110110111110010
111000100110110010110000010110000
110101111010100001101010001110000
111101001111011101100000111011100
010110000011101000111111011000110
100111111010000011101110101010100
010001001101001001110100010010110
010001011011101100111101101011010
101011110001110011101110011111100
110001000000001010100011110110000
111001001010000110110110010101000
001111010100000111010111000111000
101001111110010110111101001100110
100111010101011100011011001000000
001011100111101000010110000101100
011001001010101100001001001110010
011001111010000000011011000010100
110101011100000010011000100100000
100101001001110100111101111101010
110101111001101101110111100110100
000000100100001100100011010010010
011000100111011001101111001010110
110110010110000010011001111011010
000100001000001000011011001011110
010101001101010101111011110001000
110011010010001011101001100100000
001000100110000010111100101001010
110111011010000010111111001110100
101000101001101101011111100001110
110111100001101111101011000100110
110100011100000101010000111111110
010011000110110110010101101010000
001110010100011100001111100101100
110100111011101001100000011100010
011000101111101000001000111011100
011001011011001000001101101000100
111100011101101011110101101100110
111000111101110101100111000101100
110010111101001010110101000010010
100100011010100011110000101011000
011111010010111001101000000110100
101010000110100011010111000101110
110010110011101101100101110101110
010010011111001011100001001111000
100111010111110100110100011110100
010000111100111110001000110011000
011110000100110101011011100000100
010110110011101001111001010111110
010010000000000110001110001011010
011101011011000001111011100010000
000010100110010001010101000100100
101001011110001111111100011010000
011100010101101111101001110001000
110110110010000100100000010000010
100100010111001010111011110101110
100100001000000001000000101100110
011011011001101011101111110011110
111010101110010111011101000111100
101000101010110000010010010001000
001101100110101011100100111110010
111001100010001101101101010101110
010001010000001100001000010000110
010010110100110111111010010001010
010100110010011010010101110000100
010000111010001011010110000001110
100001001000010000111111001111010
111100001000100100100000111110010
010001001011010101000001101100000
010111000010010101001010111111010
010000010110001111010110101011010
111110110001110000000000010011010
001000011000000010110011011101100
100011101111101011110100110111110
010000101110111010101000000111000
111110101011001100101111000110000
010010000000011101100110110011100
110011001001101111010011000010110
000110110001110001110011001011010
001111000010101000110001011011000
101111000011101010101101010111000
011110011001001011010101110001000
111111100011011010000101001001010
001101110101011101101101011111110
000001010111001110111100001101010
011001000100011111101101100001100
000011011011100001011110100011100
111101111000000000110101110000110
001101100001011011000110100011110
111000000111011001110011011100010
010000001011100001001101101101110
101111101101100100001110100100010
001001010000101000011000001000010
001001000001001100000011011110100
100101000011110001010100011011000
100001011100111011011111001000110
101010110111101000111100111101000
110000101111010010110101010000100
000111110100100011011101011000000
010111011110100011101011001110010
011000001111001100101011000101010
010011000110010110101101110111000
100110100110101111011111111101110
110111001010101000111011011111010
000110110101111111101100011111010
100011011101011110010100100110010
111000100010111100101011110101110
110111110111000001111100110011100
011011000010111101110010001011110
000111111111010111001000010010110
101101110010110011111010111100110
010010101011000101101011110110010
001110101101000000000101010011000
101100100000010111101001000001000
100001100111001011001111101001110
111110101111001000110000111001010
110111101001011010010011010000000
010100110110011100100111011011100
100100000000101000011001011111110
101110011011000111110011000001000
110000111111010110000111010111000
001000100010001101100100101101100
000111001111100010001110110001110
000100100101000100111111100100110
110110000101101011100001101110010
100111110011101001110011110011010
111000000111111010100100010010100
000101010010010011111011010010010
001100010011011011110001110101010
001010110000101001000010100101000
111000100010110001101001110101100
000111011100010111111000001010010
000111111000000100101101110000000
111000111110101000011011010110100
011110100010000111111000000110110
000001010111101101100001111011010
100011000011110110011000111011100
101010100110100111000010011111000
001101010110101100101111111010000
110101101101101001011011001111000
100010011001011000100011100001000
011010000100001001011110001001000
100110011101101110111111001001000
001000010001100011101010011111010
111100100111101101100111000011010
111011011011100110100001000111010
011001111000100101100100010101000
110110001101111111001100011000000
101011111001001010110010001100010
111110001100110010100110001000100
001011001101110000100001001001110
000000000101100010101001110110010
010100111110101001101100001110110
011111100101000011010011110000100
111111101001100011110011101101100
010100110001001001110110100011010
111110100110111110111000011000110
010001100010101000101011100110100
000111001011100110011010110011100
001011011101011101100111111001100
101011011000010011111100100010110
001100100010011011000101010110100
011011111100010111011101111011110
001101110000101000110101010000010
000100110110111110111000111111100
101101000100010111010010100110000
001100010100000010110000100011110
011000010011111101100001110001000
100101101001001010100110001010000
001100011011000010110101100110010
110011100100001101100001101101110
011111010000010111110111100011110
010101000010100010011110100010110
110111111101101011001001010111100
111010101010011110101000011010010
010001010100011100111011011110000
111111110110000000110110001101000
011000101011111101001100101101010
000001010100101101011100101111110
011000101000000010111010100001010
011000100011011001011010001111010
111110101010010100010000011101110
000000010111011010010011100111100
010000001110101011111011100011010
100100010111001010101100110001100
101000110101100000011001101110110
110001000001001100000010000001010
101100101100100001011000011010000
011010000110111010001100010000000
001100000001010011101001110011000
110110011101001101001010001110100
001010011010110001001101011100010
000000100111001110010100010110100
011100001011001110000000011000100
001111101111100111001000101010010
001001001100000010101111010010000
001110010101111000011010010101110
010011110001001011000001100100110
101111110100101110010100000010100
000010010110011011100000101011010
101110111101111000111111001001000
101011101111100010001000101100000
101010101110100111011010000001110
111001110110101111111010110111000
000000100010010001011000000100110
010010100001101011000011010010000
100000101110101101010000100110110
001010101001110100011011110100010
011101110110101100000101110000000
001011011001001001110010010110100
000010100011011100110100100000000
001000101111001110010111111001000
001010001011010111100111111101100
110000001111011110110110101011100
000001111001110001001001010111100
110111110110011001011101001100110
110101011011110000101010011010000
110110001110111110010010110110010
100010010001100111011011110011100
100010100110011100110001010101010
001000010011101000011110010001110
011100111010110000111110100001110
100101001101000000110111001000100
110111110100101111100011000011110
110000111100100011101110000000000
000000000001000011110010111011010
100011111010010111111100111001100
001100001111111110000010100110110
000000010100100011110111111100110
111001101101000000111110110111010
111110001001111001010110100000010
000110101000110101001110110110110
010111010011110010101000110010000
000000101100101011001110111011010
000000011000101001001101101101100
010010101000010011110100110111110
101100010110110110101001010110000
110001111000001001101101001101100
110010100010100001110110111101100
001011111001100011010010101010010
011010000101001110101000110110010
010010000000100100010010111001000
011010000110000101011001110111100
000101111011010100111100010001100
111110110001100110001001100001000
100110100101010010000010010001100
111100001111110100011110011000010
010011111100100011111101101111110
100001011000010111010111001111110
100001110000000101010100111101010
110001010000011001001011111101000
110100000001101011100010011111100
011001000110110000010001000011000
111101000010010010001110001111000
011010000110011101110111010001100
100011011111101111101011000100000
100000000000111000100000111111000
101110110100000110100101000110100
110101100001110011010111110000000
101110101010110111100111011011010
111001001110110100001100000010110
END
