12
000000000001
001111100100
011110111100
111100010010
101000101010
010011111110
000010100000
101000110100
111000001010
101111011110
101101000010
001100110110
011100111110
010011001100
010010001100
100011111100
010101101000
110101100000
011001011000
000111000100
111010001000
111110000110
011111110010
001100110100
010100011000
110100010010
100011011110
011101111110
000010000000
110011011100
101111100000
001110110100
101010110100
110100101100
010100100010
000101011110
110101001100
110101000000
010010111100
011011001100
001011100000
100100000110
010010011000
111100100110
010100100010
000101011110
110101001100
110101000000
010010111100
011011001100
001011100000
100100000110
010010011000
111100100110
100010010000
111000000000
111110011010
110101011110
100111011110
000110001100
001000110110
010110010110
100000001110
111000100000
101000001000
101001101100
001101100000
110101011110
001000011110
101101111100
001010101110
001111011010
111111100100
011101010010
000000011010
000010010000
010101100010
100110100100
101001011110
111101011010
001001100100
011000100110
101111111110
110101010110
011111000100
011000011110
001100100100
001100011110
111100110010
000011101100
110000001000
011110110100
100011000100
111111010100
000101000010
100100001110
111110001100
001011110000
010110011010
111010100000
100110001000
110011011110
111001011010
110101111000
111001011100
100001110110
000100011000
010110001000
100010001110
010110001110
101101101100
000010001100
000010110010
001111011110
001111010100
101101100110
111010110000
011101111010
101111110100
101000001110
100110010110
110100111010
100010001000
100111001100
011110010100
001001110110
100000010000
010110110110
011110111010
100000001100
100001111111
111111011100
010110111010
011100000001
101101101100
001001000001
111111110000
001101111110
011101011100
000000111110
000001111110
001011110010
000000010100
011101000100
000110001110
010110100010
001010010010
100101101000
000110001110
001000111010
011100011110
001111100010
100111101100
110100011000
010001100110
100100000010
000011011110
000011000110
001110110110
111010100010
110100000000
111010111000
100011101110
110111101110
111011001100
001100111010
100100000000
111101011110
101001001000
000011110000
001110011000
111010111000
100011101110
110111101110
111011001100
001100111010
100100000000
111101011110
101001001000
000011110000
001110011000
000000110110
111000011010
000010001100
011001111110
011101110110
010111011100
001110100110
010101000000
101100100110
111010001010
110100110010
000001001100
101111000100
001000101010
100000011100
110111111010
110010010010
100000010110
010110100110
010100011010
101011101100
011000010100
010111111110
100111101110
010110010110
011000001110
110010101000
010111100010
001111010010
111111111110
000000011010
000010010000
010101100010
100110100100
110000110100
101101101100
110001010010
001011110110
000100110010
111101110010
000100010110
000101100010
000110000000
111011110000
011101000100
000111110110
101000010100
010101101000
010100001000
101011111000
001100011010
101100000110
011001111110
100010001100
110100101100
010100010110
101000101110
111101111110
001101010110
111000010100
001001001010
000011101010
100101001000
001111110010
101001010100
101100101110
001110010010
011011001100
100101000110
111010100100
110101100110
110110100000
110010000110
101001101000
001000101110
001000110000
100010110000
110001111100
000000110100
011011011010
001010011010
101010110110
001011100010
111001100010
001011011000
111011111010
011001000100
110000100100
000010000000
100010110100
010001110000
010001101010
010000010100
101010101110
101001101000
110000001010
010001010110
110001010100
000010010100
001000000000
001000011000
110000001000
000001101110
011011110010
101001101000
110000001010
010001010110
110001010100
000010010100
001000000000
001000011000
110000001000
000001101110
011011110010
011010100110
011001011110
010011001110
111001111100
001011000100
011000011010
100001010010
111001110100
010011010110
001011011000
110011000000
000010010100
001010100000
100011111010
111011011000
001001100100
001000010110
001001110000
010001101010
010001000010
101010101100
000001011000
100011110000
000011001100
000010000100
000011101110
010001011010
100001101000
110011001010
110110000000
101000101110
111101011100
000000110000
100000001110
000101011110
110110101000
011100100010
110100011000
101110011010
111110101000
110000011110
000111111110
011011001100
101010101110
011111010000
000001011000
010100000110
101000100100
011111111110
000111111110
011110111010
101111101010
111110011100
101101000010
101001101000
110100100100
010000010110
001100000110
001110001010
110011011110
010100000100
000000110000
001100000110
010110111000
010000111100
011010001100
100110000100
011010000100
100000010110
111011111110
100001000100
010001000100
111110010100
100001001100
100111101010
101011010100
001101001010
000100011110
100111001100
011110010100
001001110110
100000010000
010110110110
011110111010
100000001100
000011101100
001110111000
011100101010
110101001100
010111001000
111110100110
110111010010
000101111000
011111101010
101110111010
111101100010
100010010010
101000001010
001010100110
010001100110
101010000110
001001111110
000101010100
111000110010
010100111110
100000110010
110000000000
100011011110
111010100110
111100010010
010111100110
100011010010
100101011000
110101100100
010000101110
100000110010
110000000000
100011011110
111010100110
111100010010
010111100110
100011010010
100101011000
110101100100
010000101110
100000010000
111000000010
111110100000
010111011110
111111110110
110010011110
001010111000
111001110010
010111101010
001010100010
011101011010
100010000010
010011111010
010110000110
011100111110
110011001100
010000011110
001010100010
001110011100
001101010000
001101100010
001111001110
011110100010
011000100110
110010010110
010000110100
111100110010
011011111110
111001001110
110010010010
100010110010
100001100000
011100001100
110000110110
110010110110
011010101010
110000110110
000000100100
010001111110
000111100100
101101000000
011000101110
110011110100
101111011000
110000101000
011100111110
101000101010
110011101100
000111110010
111110001100
100101101000
110101111110
001101110010
000000111100
010101100100
100101110000
011001000001
101100101011
011011101001
010101101000
100001011110
110001001000
000111101100
111001100000
001100010101
001111010000
011111110010
111101100110
100101101110
011000001000
001101001010
111100111000
111100011100
110101011110
110100100000
001100110000
110101101110
111011010010
000011110100
111010001010
011010011100
011110001110
001000100100
011101011110
010010111000
011000101100
001101100010
001010100010
111101010010
101001011100
100001010010
011101111110
000000111110
011101011110
010010111000
011000101100
001101100010
001010100010
111101010010
101001011100
100001010010
011101111110
000000111110
101110010010
010100000100
011100100110
101101011110
101101110100
001011011110
011011100110
100011000110
110001110100
101110100010
100100011100
111011101100
000010000110
010111000000
111101101100
010101011110
101000101000
110100111000
011101011000
110001000000
000011100001
101100011101
100110111000
010011110010
110110011110
000110111010
111110010000
110001111010
011100100100
111001100100
110100010010
101111111110
011110010100
111010000000
001111001000
101110111010
100100010000
010110001100
101001111110
010111111000
110100000100
011000001010
010110111110
101011000110
000000010100
000110001110
100000100110
010100111110
010100011100
111110011110
001011111110
111101011010
000011010010
101010100110
101111111110
110011111010
100100010010
111001011110
010010100110
111010011110
011011010100
001100111010
100010100100
110110110110
010100010000
000110011110
010000110100
001101001100
110000000010
100011101110
110100001110
011111001000
010100010010
010101100110
101101101110
110111011110
111100010000
001100100110
101100000010
101101110110
011011111010
000101000000
100110110010
001100111010
001101011110
101110010100
110000010010
000101111100
001110111000
100010111010
011011111110
010001100110
011101111100
010000101000
001000001010
011111110000
001011110010
110011001010
101010010100
101110000100
000000000000
000000000000
000000000000
000000000000
000000000000
000000000000
000000000000
000000000000
000000000000
000000000000
000000000000
000000000000
000000000000
000000000000
000000000000
000000000000
000000000000
000000000000
000000000000
000000000000
001110010000
000100110100
000101011100
001101111000
010101111000
001011111000
000010111010
010000011100
001010001100
110101100110
011111110010
001001111010
101000011010
111110010010
100111111110
001001000100
111110000110
100110110010
111111000100
001110110010
010110101100
010001101100
001001010010
010100011000
101000000000
001011100110
100100111000
111011100010
000101100100
011100001110
001100111010
000110000010
000100110110
001110110010
111110110110
100001000110
011101110110
101011000001
011111110001
001011111010
101000001001
111001000110
011011111000
011011110011
000111100000
000001010111
110000100110
110011001100
011001001101
011111100000
010001010011
001111001010
000011110001
100010100010
000101110010
111111010110
010010011000
111001110010
010111110000
001001001010
110010011000
101001011110
101000101000
000011101000
100100110110
111111001000
001000000010
010100001110
000010111010
011101010110
110100110100
011110000000
111000100000
010100101000
010110011110
010010100110
011110100010
011110000010
111101101000
111000011000
001011110100
010101011000
111011000110
010001100110
110001100100
001011111010
000011100010
110000100000
101000111010
110110110010
100101011110
001110010000
011001100010
011010101100
110000000010
111010110110
011110100010
011110000010
111101101000
111000011000
001011110100
010101011000
111011000110
010001100110
110001100100
001011111010
000011100010
110000100000
101000111010
110110110010
100101011110
001110010000
011001100010
011010101100
110000000010
111010110110
100000101110
111110100010
111010010110
101010110100
000010011010
111001110010
101100111000
100010011100
000110111110
110100100110
001001011110
000010111100
011110110010
000101101100
100100100010
110010001010
110110000000
001101011000
011100111110
010100111100
100000101110
111110100010
111010010110
101010110100
000010011010
111001110010
101100111000
100010011100
000110111110
110100100110
001001011110
000010111100
011110110010
000101101100
100100100010
110010001010
110110000000
001101011000
011100111110
010100111100
100101010010
010010011100
101111110110
000100101000
100001110100
101110111110
100111010010
100111111110
100001111010
111111111010
111111111000
011000101110
001111111110
011100101010
011111010010
010100101100
100010101010
100000011100
010100100110
101000001110
100010010100
101110100000
110101101100
111111010000
010010111110
010100110010
101101001010
101111000100
001100010010
111111011100
111111110100
011100001100
111111011100
111111100010
000010110010
010100010010
010011001000
001000010000
011101111100
100000010110
110110010010
011000011010
011011011110
011010101000
000001110000
001100101000
000000110110
100011010000
111100101000
011011010000
110110110000
010001110000
100001001010
111000100100
100001011100
110101101010
101110000100
010001111000
001101100010
110001110000
100000010000
111010111010
010101011110
111110011010
010101011110
011100011000
011110001000
011100001010
101100111000
111101000100
110110000010
010001110000
100001001010
111000100100
100001011100
110101101010
101110000100
010001111000
001101100010
110001110000
100000010000
111010111010
010101011110
111110011010
010101011110
011100011000
011110001000
011100001010
101100111000
111101000100
110110000010
110000010110
110111110110
100100111010
001101110110
000110100010
101010110000
100100011110
100011111000
011100001110
100111111110
111111011010
010010000100
110011110010
010111000010
011101011110
010011010000
011110110010
010110010100
100010001100
100010111100
010100101100
101001101100
111000010010
011101110010
011010001010
010100010110
000100011110
101110100100
111110010100
001110000000
111101110010
100000010100
000100000100
010101101110
010000000010
000011011010
101001011010
110011011010
110011101000
001100100010
111000000000
110001011110
000011100000
011010010010
101011011100
100010001000
111111110100
010110111000
100010101000
000100110110
000001110100
000111011010
100111110100
011000111000
001001010110
000101000000
001000001010
110011010000
001101110000
101000100110
010010100010
010110011010
110101011110
110010001000
100100011010
001011010010
011010111000
101111001110
010010111000
110100101100
000001110100
000111011010
100111110100
011000111000
001001010110
000101000000
001000001010
110011010000
001101110000
101000100110
010010100010
010110011010
110101011110
110010001000
100100011010
001011010010
011010111000
101111001110
010010111000
110100101100
001001101010
111001010110
001100101100
010101100110
100110011010
101011011110
011010111000
001011101000
001110100100
100011111110
011010111110
011000101100
010011011100
000001000010
110010011010
001001000010
111100110100
110001100010
101111100000
000100100010
001001101010
111001010110
001100101100
010101100110
100110011010
101011011110
011010111000
001011101000
001110100100
100011111110
011010111110
011000101100
010011011100
000001000010
110010011010
001001000010
111100110100
110001100010
101111100000
000100100010
011011100100
010100001110
111101100010
111011100010
000010111110
001000000100
011101001000
100101101000
011110001110
001110011110
011110100110
010001100110
001110010110
011011111110
101000010010
011100011110
100101010010
101000011000
000001100110
100100101110
000010011110
111010101000
101010110100
011000111100
000111111000
100010011110
011000110010
011011011110
100110010110
010011001100
100011111000
100100001100
110111100000
000110011110
101110011000
001100111100
101100101010
111110010110
001000011101
111010001111
001100010011
111110111010
110010011011
000101101011
100111101011
100000100101
111101010001
000010100001
000000111101
011101000111
110010110100
000101110100
111101100110
101000110110
111101111100
101011101010
000010011110
001101101010
010110110110
010000100110
111100011100
000000001000
010111000000
010010011010
000010101100
011010101000
111010110110
101011011110
111101110010
101100111010
101110000110
000101100100
011001010100
001000101010
010000010000
000111010110
000110111110
100101000110
000000110110
010010111110
011111100100
000001101110
010110111010
101101100010
001000100000
111111110010
011100010110
110111101000
111110000100
110101111110
001101010010
101010001000
111101111110
001000111010
010110111110
110001001100
100001010010
001101101100
100111110100
001100011010
110010011000
011111100010
101101111110
111111101010
011111011110
001110111010
001101011000
101111101010
101100000110
011110110110
111111011100
110011010010
000111100010
110000111100
010000001100
110111100100
000110110110
011111111110
001110100000
110010011100
100000111100
101010110010
111011111110
111111010100
101010010110
100101010010
000000110000
110010001100
011000110100
100101000010
000000011000
001111110000
010101001000
101101100000
110111100010
011000100010
000010101100
110011101000
011100010100
001000000110
010101100110
101100010110
011000011100
111011011110
000001111010
101100001000
011100111010
101010111100
010011101100
100111011110
111100001010
001111111110
000011101100
001011101110
101010100000
011000110100
011001101100
101101101110
100110000110
110110000110
101110111000
011110100010
111101011100
011010010000
001101010110
111000011100
001001010100
011100110100
010000001100
111011000110
011110011000
101000111000
000000001100
101110000010
000000001110
100100101110
111001011110
001101111010
100011011010
100010100110
010011100000
111010000110
101100100000
000001101000
001000011010
111101001100
111011101110
010100001110
110000011100
101101000000
001001011010
111011110100
001110010110
011111011110
011100101110
111100110110
001100111100
100010001100
000001110000
110100110100
000100011000
011110001100
001110111100
111111001100
000001110010
011100001010
010010100110
010000100010
000110011010
110110111000
001111110110
011100110010
001110111100
001110111100
001110111100
001110111100
001110111100
001110111100
001110111100
001110111100
001110111100
001110111100
001110111100
001110111100
001110111100
001110111100
001110111100
001110111100
001110111100
001110111100
001110111100
001110111100
001110111100
001110111100
001110111100
001110111100
001110111100
001110111100
001110111100
001110111100
001110111100
001110111100
001110111100
001110111100
001110111100
001110111100
001110111100
100101000010
111111010010
011011100100
110010010010
000110111000
101110101010
010110010110
111010010100
000001111110
110011110010
000100111110
111111011010
111001101110
101111111100
111001011110
110001101100
010000001110
101000100110
000100101100
110110100010
000011110000
001010111000
001010011010
000111101000
010001010110
011001110110
110010100000
100100011000
111011111110
000101000000
011010001000
000001010100
110010000100
000010100000
111101101010
100111100100
101100001010
110100011010
101100000010
110010001000
001001110110
100000010000
010110110110
011110111010
100000001100
000011101100
001110111000
011100101010
110101001100
010111001000
111110100110
110111010010
000101111000
011111101010
101110111010
111101100010
100010010010
011101101010
000101011010
110010110010
010101010000
011111111000
001001100000
001010010110
110000010000
010100001100
000101011110
111010111100
100000001110
100101001100
010100010100
101000110100
011101111010
100011001010
100011101100
110110101110
101000010010
100111011110
111110001100
101001000010
101011100100
001010011010
011110111010
100101111110
001100101110
110010111100
000010001100
010000001110
010101010100
101000001110
110101001000
010101111110
100001110110
000111110110
110101101100
101111001010
011100101100
010100001010
011110000010
100111101100
100001011100
011011100110
111011101100
111110011100
100110101100
000101011010
011100101000
000111001010
111110000100
011110100000
001100000000
101100010000
111101110110
101111001100
101110011110
001111000010
101101001100
001100010010
001111000100
001100001000
111101111010
110011010010
001100100010
001001001000
000000011110
111111111110
011001101010
100100000000
001111011110
000101111100
111011011000
001101001100
100101010100
110011011000
111100011110
001100001110
011111101000
011101110010
010111001100
010110100110
111001001010
101000101100
111001101110
000111100110
100111100000
110100010000
111100010110
110110101110
101101111110
011000000000
001110101010
011110100010
110101111110
001101010100
101100000110
110010110000
100111001110
110001011110
011000111010
100010001000
101101101100
100111111100
000111001100
111101001000
010001011100
001000100000
011100010110
110110011010
001111001010
011110100010
111100100010
001101101010
101100010000
101110101100
001100100000
001111100000
001100110010
111100110100
111011010000
010101001100
111101111100
000111111100
011000011010
111000010010
000010010000
101011001010
000111010010
110010100100
000111010100
100111111100
100110000010
010111011110
000101110110
001010000100
100110001100
011001111110
000000101110
111110101110
001011000110
000110100100
001001010000
101111111010
111011001110
100001101000
011101010000
101110111000
110000100110
011010001000
011111011110
001111101100
001111000110
111010010000
001110010110
101111010100
100101110100
111011110010
110100010000
000000000000
000000000000
000000000000
000000000000
000000000000
000000000000
000000000000
000000000000
000000000000
000000000000
000000000000
000000000000
000000000000
000000000000
000000000000
000000000000
000000000000
000000000000
000000000000
000000000000
000000000000
000000000000
000000000000
000000000000
000000000000
000000000000
000000000000
000000000000
000000000000
000000000000
000000000000
000000000000
000000000000
000000000000
000000000000
000000000000
000000000000
000000000000
000000000000
000000000000
010011010000
010100111110
010000010110
001101000000
100100011100
010100110010
111000100110
010000111100
000011100110
010011001010
000101001000
001010011100
100000111110
000010110110
110101010100
111111100100
001111011000
110111010000
011111000000
100001100100
100110001010
010110110100
001100000000
100011011010
011000011010
010101000000
001010001110
011011000100
110110001000
100011111100
001100101000
100001111110
101100010000
001101001010
000111011110
110110100110
101101010110
110000101010
110110010110
010100111110
110110100000
011101011100
000111101110
011010101010
100010101110
000000001010
001001010100
110010011110
000011101100
110000000100
111111010100
010010010010
100011111100
110100110110
001011101100
100001111000
001101100110
000010111000
010101100000
000011110110
011011011110
000010110100
101001111110
010001110000
110010010010
110001111010
011001010010
100000111100
101001011100
111100110010
010111101010
100110010110
001111011010
010110110000
111110111000
010100101010
111110110100
010101010100
001111100110
111101101100
110100110100
101001001000
000000110100
001000001010
000111101000
000110001000
010011110110
000110000100
111110110100
110111001010
000101100100
101110001110
111001110010
111100011000
100011001010
101010100010
100101100100
111101101110
110010111000
111000000100
110110000000
111100101110
010001010110
001101010010
100111010010
100010011110
111001010100
011001000000
010100101000
100111011110
101001111010
010101100110
001010100000
001000000010
000110011110
101011011110
010110010010
110010001110
010000110000
101100111010
101010101010
001111010110
000011101010
011100011110
010110000110
111001010100
101110100110
100101001000
001010110110
011001101110
101110111000
100011001010
110100101110
111100001100
111010101010
101110101010
011100111110
100011110100
110111101100
010111000000
100010100100
000010100000
010111000110
110101001010
101011011110
000001001110
100101010000
000010100100
111111001100
000010010010
100011011110
010100000000
001001001010
110010011110
110010111000
111101100110
110111011000
011100100000
011000001010
000100000100
100000011010
101001110000
100010001110
000010001100
100110110110
010010010100
100001101100
100010101000
110011001100
010100010010
000101000100
101110100000
001010100000
110001101000
101101101110
000110001000
110100001110
111101100110
001110001100
101100001110
011110111110
001111110100
101111111110
101101000010
101110000100
001111000110
101101111000
001100111100
001100100000
111100100110
000010101100
000110100000
000110110000
101110100010
010010100100
000100010100
111110110010
001110000100
110111111110
000011010110
000011101110
001101111000
110100110100
111100101100
010110100000
001001001110
101100010100
011010000010
010111110000
001110111110
011100010110
110110101100
101110110100
010000011010
000100011110
011101011010
001011101010
011010110000
000110010100
111101111100
110110001010
001001111110
111110110000
000010010000
110010000000
110000000110
110100111100
101100001000
001010100100
100111011000
111000110010
011101010100
010011001010
110010011010
101110111000
101111001000
011110101010
000001001000
100011011010
100100101110
110001000100
001111011110
010011110010
101000111000
000111110000
111001101010
101011010000
010111111110
111101111100
100110110110
001011000110
001111010110
011111110010
111011110100
101000001110
010110000100
010001000010
001110100010
101100010110
100101110000
001010001110
001001111110
101000111000
101110111010
110101010100
110001100010
101110011110
001110001110
000100100100
101001001100
011101110110
100011001010
001010100000
101110001110
111011100110
111000100100
101110101010
101110110110
111101111100
101101110010
001100111110
001100110100
001111100100
001100100010
101110010010
101111101010
101101101010
111111001110
011001110010
111010101100
111111000010
100000100110
000100110110
000001000010
110101001000
111100111110
011110010000
011101101010
111100111000
111001100100
111101111100
000100110010
101011001100
001101111000
111001001000
100100100100
011010001100
110101001010
000100010110
111101001100
011110111000
011001111000
110100011010
110000010110
010011110000
010111110000
111011000000
010111110010
101110010100
000110101000
000010011010
111111011110
101001000100
000110101000
110110001010
010000101110
011100010010
011101111000
110100000000
011000010000
110100100110
000101010010
100100011110
101000001100
111011010110
110000100110
101111101000
000110110000
110101101010
000011110100
001011111100
000011110000
111000001000
100010001110
110111001010
101010010000
111011110110
000011000110
010010110100
000000100000
001000100110
110000010110
100111111010
100111011110
110110001000
010011000100
111011111100
001011010000
011110010110
100100101100
001100001100
100000011010
011010110110
111111011110
101100001000
111101101100
000100010110
000000000000
000000000000
000000000000
000000000000
000000000000
000000000000
000000000000
000000000000
000000000000
000000000000
000000000000
000000000000
000000000000
000000000000
000000000000
000000000000
000000000000
000000000000
000000000000
000000000000
000000000000
000000000000
000000000000
000000000000
000000000000
000000000000
000000000000
000000000000
000000000000
000000000000
000000000000
000000000000
000000000000
000000000000
000000000000
000000000000
000000000000
000000000000
000000000000
000000000000
000000000000
000000000000
000000000000
000000000000
000000000000
000000000000
000000000000
000000000000
000000000000
000000000000
000000000000
000000000000
000000000000
000000000000
000000000000
000000000000
000000000000
000000000000
000000000000
000000000000
000000000000
000000000000
000000000000
000000000000
000000000000
000000000000
000000000000
000000000000
000000000000
000000000000
000000000000
000000000000
000000000000
000000000000
000000000000
000000000000
000000000000
000000000000
000000000000
000000000000
000010100000
000000100010
001010010010
111011000100
100011000000
111111000110
010010000110
101000000100
100101000100
010000110100
110001111110
010101101100
011111000110
000010101000
011001011000
100110001100
000001000100
010000111010
101111001000
000000111100
000000110010
010111010100
100011101000
100010101100
111011111010
011100110110
100100011110
001111100100
110010011000
100100111110
000111000000
110011101110
110010100000
001010010110
100110110010
011010000110
110000000110
011100010110
100111001010
001011101000
111100110000
101000111110
101010111110
010100011010
010010101100
101010010110
111000110000
101111110000
101111110000
001011111100
110001111100
001100110100
000000100010
000001101110
110011110100
010110100010
010000100000
100100001010
000110110000
100010111000
100111000010
100101110010
111001001000
110011110000
100001000100
000101000100
100101001000
100110100010
110111111110
001011101110
000011011010
111010110110
110001010010
010101101010
010100011010
100000011010
010000101100
101000110000
011100100110
101110110000
111100011000
111011110000
101111111000
101100010100
110011000110
001000000100
000101010100
010010101100
000001011110
001100101010
110000111010
101111101100
110111010110
001111011100
011110110010
110010110010
111011101100
111101111010
100110101000
101101110100
011010101110
011000001000
101101001010
100111001110
110011011010
010001000000
111111011010
111001100010
001101010000
011000001000
010001001100
000100010000
010111000100
110001011000
000011110110
011010111010
000010101000
100110100100
010011110010
111000111010
011001011010
111001011110
100000101000
100101000100
011010110100
011001100110
000101001110
101111101100
001010111010
100111011110
010011011100
100001001110
110010100010
010000010010
011000010100
100001011100
010011100110
000011001110
001010001100
101111011010
100110100100
011000001110
000101001100
101010110000
111000100000
010010100000
000001011000
010110001000
111101100100
110101101110
000001010100
111101111110
000111011000
110110010110
101101110000
010100010000
010111001010
010100010010
011111010100
111101100010
100001110100
001110011100
011010110000
010111001110
000010011000
111101010010
100100000000
001110100100
101000000110
100100110100
110001111110
100110010000
001010001010
101111110100
110110111010
110011010100
001101000010
000100001100
000001111010
010101110100
010110101110
111011111100
010100000000
000101010110
100101100000
000000111100
011110011010
000110010010
011100001000
101100100110
010100110100
001100011100
111001001010
110101111010
111001100000
111011101100
101101100000
010011100000
110111000100
010010001100
100100010000
001111101100
001011101000
000011111110
011100100010
110101100010
100101110100
111011001010
000110111110
001001000110
011011111110
010010000110
000011010000
001000110110
111101101000
100101111010
110100101100
111101111000
001100001100
000001011110
000001000110
110000100100
101000001010
111010101100
101001011110
100110101110
001110101110
100000110010
110110100110
110110110100
000111010010
101101111000
100011101100
011111000100
111000000100
010001111110
100101010110
101100100110
011110100100
011010000100
001000000010
100010100100
000111101110
110000100010
110011100110
011101000000
000001111100
010011001000
000110001000
110001111100
101010011100
110111001010
010011111000
000101001100
010000000100
111010100100
100001111110
011110011000
011100100010
110011110100
111010101110
101001000100
000110000100
000011001000
000101011000
011100101010
010101101110
000100100100
111001000100
110101011110
100110110010
110100110000
001111100000
101100010000
111001011100
010101101100
100110101000
110000101110
011101010010
011000111000
101101001100
011001010100
100010001100
010000101100
100000001010
100011001010
100001011110
100110110000
000001001110
000111010100
101110100100
100000110110
100110010100
100011010000
001001100110
110111010010
010001001110
100101010110
001010111010
001011101010
111001110000
001001001010
101101111000
000100000010
110011101010
100010010100
111010011110
010111111110
110110011110
111011010110
001111000010
011110111100
101010101000
001100110100
111011011110
111100010110
011000001000
110001110010
010011110100
100000101110
110010010110
011011101100
100111000110
000111111100
010101001100
100110101000
101111110000
111110111110
011110001000
111110001110
011110101110
011101110100
111110001010
101110010010
101110001110
001111100100
100101111110
110101110000
001010011100
111000000000
010101000110
001111100010
100100111100
100110110010
100000010010
100100111100
100001100010
010100011000
110011110010
011010101010
001101000110
101110011100
010010000110
001101101010
001001100000
010000010000
111111001100
100101000010
110100110000
110111001000
100011101100
010101111000
110100101100
111011011100
101010011100
010110000110
110101111010
000000000100
100001100010
101101011000
110100101100
011111101000
100110101100
001101101100
011011010000
010011010010
000101001100
111010001110
010010011110
110010100100
100111000110
101101000000
110101101110
100110110100
111111111110
010000010110
111011100100
110010101000
011101111110
110100000110
100010000010
110001111110
000111100110
011011010000
010010000110
001000001100
011101011110
100010111000
111100011110
111000000110
011000111100
010111100110
100000001100
001000001100
000111101010
010011111000
100100001000
111100001010
100110101010
100010110000
011011011110
100010000000
110001010010
101111011010
011100111010
101000000010
100010111110
010010000000
101001111110
100001101000
010000001100
101101101100
111101110000
101000011100
000101011010
010010001010
010110101000
010011000010
111111010100
111110000100
111011111010
110010100010
001001100100
110001000010
110110101100
111011010000
111111100100
110011000100
011110111110
000111101110
101000111100
010111011100
010000101110
010011011100
011000100000
011011110000
101000000010
110010101110
110101000100
001110010010
011111000010
101100110000
101011000110
000000111100
100001011000
101011001000
010001010100
000101011000
000111111110
001101000000
000011110000
101010010000
111111001100
101010100000
100001010010
100111000100
110010101000
010010010110
110010011010
011111110100
111110000110
110110110110
010010001000
001111100000
011100111010
111010110100
100111110010
110101100010
110111111100
010011101110
110000111010
100011010100
001001111100
111001100000
100111100100
000010111100
000110101000
010101011110
010011101010
000110100010
010011000010
101111001110
111110010110
110011001010
110101101100
000110111100
001101101100
001010010100
010010000110
010100110100
011001001010
001101001110
101100010110
111111100000
001101011000
001101110110
001110100010
001111101000
101100001010
101110100110
001101011010
001100111110
101100111000
001111000100
011100110000
100111010100
101111101100
111110101000
000000011000
010111011100
010100000000
110110111000
101001111100
111101100000
100111100110
001010001000
100011100110
000101100000
000110100100
010100101100
110111001110
011100010000
010011110100
011110101010
011100110000
010100010000
001011001110
110101111000
001011001110
011010100010
000000100100
101110101000
100100010100
101111000000
101000000010
000101000100
110011011110
000110011100
100110110110
001111110010
100000110110
010011111010
010011010010
001000101110
001011110110
010000110000
011110110000
100110111010
110000011010
110101011100
111001000000
111001011000
110001010010
101100101110
110011111110
011010011000
111001010000
110011001100
110010111010
101001110010
110000101000
011010101110
011111000010
011001111000
000001100000
000000111010
111111101000
010110010100
101111101010
101101110000
011010000110
011111101110
010010111010
110100111110
011101001110
001011011000
101001111100
000010001010
111001011110
101100001100
011110011100
101010011100
111111111000
010100011000
001000111110
010101101110
010111100000
110100011000
011110101010
011010011100
100100100100
101011010000
101010011100
010111101000
110100011000
011101010110
001101100000
000101000000
111011010100
111010110010
001110111100
000001011100
011100011100
000100001110
100010011000
101000100110
000010101110
100101101110
101011000010
111110111100
000001011000
010110001000
111000111110
000111101000
011000010100
001011010100
001011110100
010001000110
101101101000
001110100100
100100011100
001100101110
111101111110
111011110010
101101010000
000010110110
111110101010
110010101000
110110101110
010100111100
100011001100
010010001010
000101001000
101111111010
111100101010
110101101010
011111011100
110111010010
010010010010
010111110010
101100001010
001111011100
101011010110
000101100000
010010101010
101001001010
000011110010
111001110010
100100111100
100101100000
011011011100
000100111110
101111110110
101111001000
010111101110
000110110100
110011011110
100011100010
001011110010
111010000100
111111100000
101111111010
100011011100
001110010000
END
