12
000000000001
001001101010
001100010000
010001111110
010100111110
000001001010
100111001010
110101000000
001111011000
111010111000
111011111100
011010110000
001000101100
011101001110
010000100100
010001111110
001111000010
111101111100
000110011010
000000011100
000101111110
101100001100
011010010010
001111000100
110110101110
011010001000
111011001010
111101011010
000000100010
100011110000
101100011010
000010100000
011100011110
001000000000
000010000110
001000101100
101101100100
000000011000
010100001100
010100100100
010000100010
010110010000
010010000100
110110110100
001000000000
101101011110
100011001010
001100100000
100000011110
110010111110
101101101000
000001100010
001110000110
101111010000
000010010110
100101100100
100001011110
011010000100
011101111010
110111000010
111011010000
100010101110
100001110000
101100110010
100110001000
001110100100
101010011110
100011111110
001001011010
000001100100
011100100100
100001100000
001101111000
110100101000
100101101000
010111111000
011011111100
100010010010
100011011000
001101011010
100100111010
110011111010
111000101000
011000111000
101010111010
101111111100
011000100000
101101000110
110000110000
100100100010
111001010100
110111111110
101100101100
010101010110
000011100110
001001111100
100100111110
111011000000
100111000010
011001110010
100110110100
101000001110
011111010100
001000010110
001000111110
110011001010
001100101100
010000001110
110010011010
011011101000
000000111000
101000111000
101000000000
001110011010
000111011100
100100100100
101010111110
100010000100
000010000010
100111100010
010010001000
101011010010
010100111000
101011111000
001110011000
101110110000
101010100100
101100011110
010000000110
110100011110
010111010000
000000011100
010011100010
011110110010
001010000010
000101100010
110111110110
100101100100
100010011010
110011000100
100010001100
110001100110
010101011100
011010110100
010000010110
001100110100
010011001110
011011000110
101111001000
101001010000
100010001100
110010110110
111011011000
101011101010
100001010000
000111011010
000111100000
100011110110
000101101100
110000100010
100011000000
101011100110
011000001110
100001011110
000010000000
100101000100
010101110110
011111111010
000100100110
011001010110
100110011010
110100101010
101000011010
010010101110
100100101000
000000001010
001011100110
001011111110
100100100100
111000011100
011111000100
010100110000
000000110110
100000111100
100011011010
000011000100
000110000110
110000001010
100101111010
010011000100
000000001100
000101001010
100010000100
010110010010
011001100010
010110101000
111010000110
111100101010
111101001010
101101110100
000011110000
111101001100
010100110110
111000001000
010110010000
010010101000
000101001010
111100100100
001011011010
011110011110
001011001100
011010101110
101100011110
010001111000
100110111010
010111001100
110001001100
100111110100
000010100010
011110100000
000111000010
000010101110
010000100100
011010011000
101111010000
010000111100
011011111000
011010000110
011100001010
011100010100
010010101100
000000110000
110101010000
001010110110
010111111000
110111111100
111100110100
001110011110
100110000110
101010011010
011110001110
000011000110
010011111000
011010001010
100000111110
010110010000
011011110010
011100011000
001000010000
101110101010
011010000000
000001111010
011011110100
101101101100
000111111110
000111111010
011001101100
111100011010
111000101010
001111011100
000101001010
001001100100
001100110100
000011110110
011101011010
111100000000
101010000010
101100001110
010110110000
001010011010
111111111100
101100100110
000001101010
001010100010
111101000000
000011100100
111101100010
100100100000
001111001100
010001010010
011001001100
001000100010
001100001010
010110001110
011001000100
001001011000
101100011100
011001010010
110011111010
000001110010
101000011100
101010100000
000100101000
010011111110
010110110110
101101001010
001110101100
101010001110
101001001000
010000100000
100110101010
001000100100
010100101110
100110111100
110101111000
110001110000
011001001110
100011110100
011100100110
000100011110
100110100110
111001001000
110111010010
010001110000
001111011110
100011010000
110001000010
100001100000
101000100010
001000011110
111001100000
100010010110
110111000110
101111111010
101110100110
000110101000
011100010110
100100111110
100111001010
110111100010
101110111010
001101010100
010100011110
000011001000
010111110000
010011000010
110010110100
101000000010
111011110000
101100010100
010000101010
000010010100
010011101110
111100101110
010000010000
011101111000
001011000000
100101110100
100111001000
011011011110
101110100010
010110100110
110101010000
111000001100
101011010000
010110110100
110111001010
000001000110
001000011000
111000101000
100101110100
100001101000
010000100100
001110000100
011101011100
110111101000
011111110000
111000010100
011101101100
001000001110
011010011000
000011101010
001101010000
000001101000
101010111010
011110111110
101011110010
111100000010
110011100000
100111111000
001001011000
101110110110
000011110110
110001101100
101110101000
101011000110
001111101000
010000101000
011111011010
000011111000
100001101110
111010111010
100011011100
010100000110
000000000001
001110011100
000111010110
001111101100
101101001100
001110100100
100010001100
001101111100
001011010010
001001110010
110001111110
011000001000
001000000110
010101111100
010010111000
000000011000
100111001000
001011111110
101100010010
010110110110
010110001100
101100001010
100111000010
110111001100
010011110010
100000100010
010110110100
001110000100
010100101110
111100110110
111111101010
110100010100
100110101010
010110010100
000001010110
000011010010
100101101100
101000000100
010111000100
000100011110
000000010110
000000010100
100111001000
111110101010
001001111000
111001100010
111111110110
011101001100
010110110010
100011100110
100000110100
011101110010
000110101000
110001000110
101010011010
111101110000
000010001100
101100111000
001010010000
001101001100
010001100000
101101101110
001111001010
001110110010
011100001000
011010111110
110100111100
101101001010
100101010100
101100010100
100001010110
101001101000
010010110010
010111000100
010100001110
111100111000
111011101100
100001110010
101110110010
110001111110
111001100000
100011010000
100001110000
010100101000
101011111010
001110010000
010101001110
110001100100
011011111100
000000000001
100010001110
011110101000
100101100110
010010110000
111100010010
011010001010
110101100100
100111111000
001001100010
100010000010
110011111010
101001101000
100110011100
111010011110
011000100010
010111001000
101100111110
111100101000
111010110000
100110001100
000001101010
000000000100
001010100010
001101000110
011001010100
111111110010
111000011100
010100110100
101000100010
111110001000
100111101010
111101100110
001011111110
101001000110
101000111110
010010101100
010011000010
001010101000
001011101000
001100101110
010011111110
010111011010
011010101100
111010101100
101010111010
000000110110
110110000010
100101000100
010110101110
100111010110
011111000000
011011100000
101000010000
110110100110
100010101000
000101100010
011001100000
111101001100
100110111110
011101011100
100010000100
001010101000
110011001110
110110110110
111111111000
000100111010
100111111000
001110111110
100111100000
101010101100
011100011110
101111101000
011101001010
011010001110
000100000110
000100101100
001000111000
110000010010
001011101100
110100000100
010001000000
101010000110
100100110110
011101100010
110111000100
000111100010
111110111000
101001111110
100100101110
100110010110
001110101010
111111100000
111110100100
111000101100
001111111000
011010000010
001010100110
100010100110
010001000000
001010001100
110100011000
000100110110
011011100010
001000101100
100001011010
000111100100
010010100110
011010101100
000100110110
000010001010
001111001010
111110101100
110010100000
110010101110
000101011010
100010011100
110100111100
000111010010
100100010100
010000010000
011110011110
101110000010
111111111100
001001110000
001001101010
010101011010
100011001000
010000100110
011010101000
100110010100
010000011100
010000010110
000010000010
111110101110
100101110000
101111110000
100110000100
000100100000
111011011110
100011001010
011001011100
111011100100
111010111100
010111000110
110010101010
000011111100
100110100000
011101000000
011100001100
101110100010
111011011000
011111001110
100100101010
000101000110
100000111010
011001000000
000000011110
111000110100
101101100000
001100010000
100011010110
101001000100
100101101100
110111100010
101011001100
110001111000
111000001110
000100000110
011101101000
110111010010
011011000010
001111011100
000101100110
110110111110
000010100110
001110101110
000010011010
000001010100
101100111110
010011101100
110000010010
111100111110
010100001010
101110110100
101010101110
010010111100
101100110110
111001101110
100110000110
111100111100
011001100000
011010011100
000000110000
100010010100
011000110100
110101101100
111000010000
000010100010
010100011110
011100100110
100111110100
000100011010
011011000100
101010000100
100100001000
001101000100
110010001100
100101001000
001101111100
111010110010
100000111110
001100010000
101110010110
010001110110
101110110010
000001011000
110001000100
001010111110
111100000110
010110000000
001010000100
100000010100
001001001010
010111101010
101111101100
111001000010
110001110010
110010001100
010110000110
010101100110
110111001000
101101111000
110010001110
011111001100
100001101010
100110000010
111011001110
111011110000
111111101010
011111000110
110000100010
110010110100
101001111000
110100101010
010000000100
001110011000
110010110100
001001101100
001110011100
111011001000
011101111110
000001100110
110011011000
000111001010
111101111000
111011011010
000101010000
110100000110
000100001000
001100100010
011010111110
001001110110
101110101110
101110001000
000101110000
011001101000
011001101110
101100100100
010110010010
101011100110
101011011000
001001110010
111001110010
101110010010
010101100010
100111101100
001001010000
010100000110
000100011010
001110010010
001100111100
100011110100
111010011110
101111001100
111001001110
010001011110
000100010110
011111010000
000001110110
011011110100
100101101000
001110000010
111000010010
011101101100
001100111000
010011110100
111001110010
110101101110
101010001110
011100100110
001110011110
010110000010
111010001000
110111000110
000000001010
000000001110
100000011010
101111011010
111011100000
000000101000
111010111100
011101101100
010000100010
000000000001
001111111000
101001110010
110011111100
101011101100
111000101000
111101001100
010110100010
100110100010
011101010010
000010011010
111001010000
110110101100
111110011010
001100111100
100110000110
100110011110
001100011110
110110111010
110111000110
001000111000
110101000110
111011100100
110110010110
001100001110
010001011010
010001010100
000000111010
001101000000
000111001000
001010011010
110010000000
011011110110
101100100010
000000101110
011010000100
100110111110
001011101000
001001010110
011100000000
111101001000
000011001010
010000000010
110010011010
100101010000
000011010100
001100001110
001100101010
100011101100
000001100100
101001100000
011100010000
100000011100
010100010000
000001011110
011011111100
111110110110
010101110110
010111000110
100110111100
100010101100
101101111010
110101110010
011001111110
001010111000
100111110100
100111000100
111100000000
011101011110
001111000110
111011010100
100000001000
011011010100
111101111010
010010110000
000101011110
001110101110
110101001000
110010111010
011001110100
001101000000
001000100110
110011000000
111011011100
110110101000
101101101010
001010100010
000011001100
001111011100
011001110110
100000111100
001101011000
011100111010
101011101100
001110011000
010010111000
101010100110
110011100110
010000000110
110101010100
010100111000
000001010100
010110100100
010000000010
101001011000
001010010100
010011110010
101001001000
100101111110
100010011010
101001100000
011100001100
001000101010
001100100100
100000100100
110111010000
100110010110
110110000100
011110100100
001100100010
000001011000
000010100110
101001001000
100000100100
000010001010
101001100100
010010101100
101100101000
000100110000
001110010110
001010110100
100101001000
110111100110
110100010100
000100010100
000100111110
001001011000
110111110010
011011000000
101000100010
110011011000
011111110110
111111010110
010001101110
110001010110
110011000110
011100111000
001110001110
100100110000
110100100110
100000100100
000110110010
101110101100
111101111010
111100001100
101111000110
100001101010
001001010110
100101110010
001011110110
111110101000
010101101000
001011000010
011001000000
010001101100
111001001010
011111111000
000111001100
110000101110
010101101100
001100000110
001010111100
000111101100
101101100100
011000110110
111001110010
111001011000
100101011100
010101110000
001110111000
110111000010
010011011000
001110010100
000000000000
001110010110
100001010100
010011011000
011000110010
001010000010
100011111110
011100111110
010010111000
101110001110
000011100100
101111111010
010000011010
110000100000
011100011000
100101010000
000110110110
101100001110
101110110010
111100001100
111111010010
010001101010
010010010100
101110110100
000011110100
010011101010
010111101100
111000111110
100011110110
000110011100
001110001100
011101110100
001000111010
010011001010
111000010010
001000100110
000100101010
001000101100
010010001100
100110011010
011001110100
001100010000
111101100110
001110111010
011011111010
011101001000
011110011000
111001100110
110010110000
111010110000
000110110000
001000000110
010011110100
001110110110
111111000000
001010000000
011000110000
101100100000
100100001000
000110100000
010010010110
001101001010
010000010000
001000111100
000001110100
011100100010
001011011010
100001011110
001011110100
011110000100
000100011110
011100010010
010010001000
111100010000
101100001010
000010111110
001010010110
111011110110
000110001010
000011001010
000011011110
100101000000
001110011110
010111000000
110000001010
010001010000
011000000110
111110011110
111010010010
101111000100
001011100010
101100101010
000100010010
000110110010
111101100100
010111111110
100011010100
100011111100
001100011000
101001011110
011100000000
100100000100
110011001010
010010000100
100101111000
011111010000
001001111010
011100000010
100001111110
100011011000
010110100100
010001101000
111010110000
011001011110
011101011100
001010010000
111110001010
100001001000
011011001110
000111010110
000100000010
101001000000
011101010010
001000011010
000100110000
010110101000
100111011110
100101101110
001001101000
111100010110
001111011010
001101000100
100001010010
011110001000
110011011010
100001001010
000000111000
110011110010
001011110110
110101011000
101001100110
010101011100
101010110110
111000101110
100001110000
101100111000
111101010110
010011011100
000011011100
000101011000
101001011010
110010100000
110011101000
111010110000
001011111010
100000001110
010000000100
011101100010
011111001010
101111001010
010100111000
011011110010
100000100110
010001001010
000111101000
100010001010
100000110110
001011111010
100101000010
001100110100
111001110010
110010011100
100111101000
100011011100
110101111010
110110010100
111001111010
101110011000
111111011100
010110111010
010001100010
110011100000
011000110100
010000001100
001110110010
101100111010
101000110110
111100101010
101110011010
101111110000
100011100000
101101100000
010101101100
110000010110
111000100110
001111000010
000011000110
101111000000
101100101110
110010000000
111111101100
100111000010
000010011000
010000110010
010100101100
101000101110
110111111110
111001101100
110101010110
000011110000
100000010100
100011000110
010001001010
001000110000
001101010000
100011010010
100111111110
000001010110
000101101000
110001011000
100011001100
100100001100
110010100000
011010100010
111111001100
001011000010
100111000110
101011001000
100000001010
110010000110
100000001100
110100001110
001001000100
000100010100
000000010010
100010100100
000001010010
001101100010
000010011010
100101101110
001110011000
111110000000
011101010100
001001111000
011101100110
101010100100
011100000010
111101110000
101011001010
011011001010
010001001000
000100110100
100100001010
101111010110
001010011010
111110011000
111010001010
010111010100
001001101010
011011100110
100000110110
010100010000
101011100010
101111100110
000101101000
001010011100
001100011000
110001101010
100100000000
100100100000
010101100000
011011011010
011000010000
000111111000
001110110100
111110110010
010111111110
010101110000
101110110110
010001110000
110001001100
000111110100
010111010100
010000111000
111000110110
010011001010
101101001110
001110101010
100000100010
101001100000
111101101000
110001010110
101011011100
001011100010
001100101000
101001011000
001011000000
001011001100
011110100100
010110000000
101001110010
110100001010
111111111100
010010011100
101001100000
111001111010
100101011010
000110010100
000110011110
111010110010
010011111110
000000111000
100111111110
100111000000
100111010110
011100001000
011111001100
100001001010
000000000001
001101001010
110011010100
111001110110
101000011100
010111110000
110001110010
010011101110
110101111000
010101000010
000110111000
010101111100
100000100100
010101001000
100111001000
101011010000
010100000100
101011010110
111010000010
011010110010
000101101010
011011000010
001010011000
000110000010
100000000010
100110010010
001101110010
000100111010
010010001000
010101101000
111100101110
010010110010
111010110000
100110101110
110001000100
001010000000
011001110000
001111001000
000000000000
100010000000
111110010110
010000000110
110110111110
000000111110
101001000110
101100011110
011001100100
110010110010
111100111100
111001011100
110001000100
000011001110
010111000010
000100110110
001101111100
111011010010
011110100000
110001101010
010110001010
110111111000
011101110100
011011011110
100001001010
010101101010
000001110000
010110110100
011101000010
001111001010
100111101110
000100111110
111011110010
010111000110
001100010100
111001000000
111011000110
001000001110
010110010100
110110101100
001101000010
001100111100
101110110110
101001111110
001000110010
100111000110
001110001010
011000011010
110110111110
110110101110
001000101100
101010111000
101011100000
001001011110
110111111010
100001101100
010011110000
101011010100
110000110010
100011100000
101000110010
001011110010
001011011100
000010111110
000110111010
001100010010
110101010010
100111011110
001011110000
110010111010
011110000010
110001100010
000011011000
010000001010
101111110100
001001101110
111000101100
100011101100
110000110110
111101111010
100111011100
011010001010
011101100010
110001110110
100100101100
010101000100
010001000100
000011111000
110010000110
010010000100
010111011000
100110000010
000010000010
000101000110
010010011000
101101110010
111000011000
111111001100
001110111010
011010101010
010110001000
010011110100
100010101110
111011100110
010100010110
011001100110
110100110100
000001101110
000110101110
101010000000
011001110110
001011101100
011111110000
100010001100
000000000001
000111100010
010111001110
101010101000
010100101110
100111000100
011000000010
011001010110
100001011000
111111111000
000001000100
111000101010
010111011110
110010110000
100011100110
100011001110
100111110110
010100010110
010010111010
010101110000
010111101100
111000101110
110001000100
001010100000
100001110100
011001011010
100110100000
100000010100
110111010100
001111100000
000011100010
010001011100
101011000100
011001010000
000010100000
111111100100
110111100000
001011001010
110001011010
110100101100
000000101010
111011110100
001111000000
001001101010
011100111010
010111111100
010000110100
110100001010
000110010100
011000010100
011011001000
111110101110
001001001010
010010110000
001010111110
111011100010
100111011010
001000011110
010000001100
111011110010
101101010100
011111010000
101000101000
101000011000
010101101100
010000111010
001001111100
110000111110
111010111100
110011100110
010111000100
011000010110
110000010110
000100010010
101001010100
001000011010
101001000000
101000001000
010010001100
110000000100
100000110100
111111011100
110110010110
111100010110
000101100010
001100111010
001101110110
011001001000
010010111110
001100111000
100001101100
011000100100
110000100000
110001101110
010000000010
101110100010
101001111110
111101100000
011011010100
010101010110
001101001000
001000000010
000001000000
100001101000
000000110110
011101000100
000110010010
110101110110
111111100100
010111101010
101010011100
001011010000
011111010110
111010110010
101000000000
101100100110
111100101000
000011011010
010000011100
001011010000
011110010000
011010111010
001100110000
111001001010
001110011000
010111111100
110011110010
110110110100
001000111000
101000101010
100111101010
101110000000
100110001100
111001000100
100110110010
111111111000
010111001100
111100010100
100011101110
100000000110
011010001100
110000111000
110110101110
100100001110
110101011100
001011011110
101011101000
110011001000
001000111000
101011111000
011111111110
110101111010
001000101110
010001111010
101010010010
101100011100
010100011110
000101100010
011000111100
110111010110
001111010000
100011111000
001100011010
000001000000
001010110110
010011011010
101111111110
110111001010
100000111110
100011000100
001001101010
101100110010
000000010100
110101000100
110001000000
001110100110
101001011100
010110001000
011011100000
100001010010
010110001010
000010010010
001001000000
011111011000
101011010110
010110110110
000100010010
100001111100
101111000010
011000000000
000010100000
011110111110
001101101110
110101001000
111101010010
110000101010
000100000110
001100110000
001011010010
011111110110
100011011010
000100001010
111010101010
100000001010
001000101000
011001000110
101100001000
000001001010
011110001100
000001111010
001100011000
111111000000
011100101110
101100000110
101101110100
110101010110
101011000010
111100110000
110011010110
110001100010
111000001110
111110111100
010100111000
001111001100
001000111100
101010100000
111110000010
101010110010
101101001110
100100101000
000011100000
100000011100
100011111000
101011100000
010111001000
001110010000
001111101010
110110010010
111100000000
010110111000
111101100000
110010010010
000011111010
011101001100
111101000000
011101010000
101001011110
111011010000
111010010110
101101010100
111011011000
001011100000
010100110010
000110010110
010101111100
000010011000
111100011000
011100000000
100111011110
011010010000
110110001100
101001010000
111110110100
101101010110
101001001110
100101011110
100011001000
000111100010
111010001110
110100001000
101010111000
000000111110
101001101000
111100001000
101110101000
000111101010
111111011110
010101001110
000110011100
011110111100
000110001000
010001010000
100011101110
100110110110
011010001100
111011100010
010001110110
110010110000
101110111000
101010111000
000011111010
110111010110
111100110110
011100110000
011010000110
100111100000
110001000010
100000010100
001110110110
011010011100
010010000000
110111100010
000001111110
000001011100
111101100100
010010101100
111010010100
000101011010
000000111010
010011001010
001100001010
101010101110
010110101100
000100011010
001111000010
000010000000
010101001100
001101110110
010110100010
011011101100
001110101010
111101100110
011101110110
110100000110
100010000000
100010001110
000000010110
010001001100
101100101100
111000010010
001111000000
111101111010
001100101110
010010011110
011101000110
101110101110
111110011000
110000011110
100110010100
100111111010
101100111010
111110100000
001111010110
111100001110
000000100100
011110111000
010010001000
110101111100
100111111100
101101000110
001111111010
111000101000
010010000000
100011010100
101011101110
111111100100
011110110110
110000110010
100010000000
111110001110
001010001100
001000110000
101001110110
101001101100
000011010010
101111110110
111001101000
001110110110
100011100010
010100100110
100101110110
010001010000
000011000100
010101110110
111000000100
111001010000
011000011110
111101010100
110110110100
110001110010
101100110000
111100100110
011101010110
101110100010
110110101110
101000001100
000010001110
100110101010
101101110110
000000100100
000110011110
111000011010
000000010110
001100000110
101000110110
001000010110
100100101100
010001001000
000110101000
110110000010
111011101000
011001101110
000010111000
100000000010
001111100110
110101100010
001001000000
100010001110
110100101100
011111100000
001011000110
001111000110
101001001010
010110100010
110111100010
101011110100
001100101010
110001100010
110001100100
100110001010
000110101010
101111110010
001101000010
010100001010
110001001100
001101110000
111111110000
100011101100
000001000110
110000100000
101001111000
000100101010
111101001100
110000000000
011011110000
100000111000
110111111100
011101111010
001000100110
000101110110
111000011010
001000011110
001111110100
110011111000
000011000000
010111101010
101100000000
011111010000
011101001110
001001111100
111010010000
010110011010
010101111000
001010010010
000101011100
100011110100
111010001100
000101011100
111101111000
000010000000
010000110110
101011111100
101101101010
101111100100
111011001100
010100000100
110000011010
000100001010
111010010100
000100001010
101101010000
000001011110
100100001100
111010110110
011111000000
010101011100
000011101110
010111011010
011100011110
110000101010
010110001010
011001110000
111101100100
001001111100
000111000110
101010000000
111100000000
101001010110
011011000110
101101111010
111010111100
010010001110
001010101010
010001010000
001001110110
011011010000
010011011000
000010001000
011110111000
101101001100
111111101110
000000000001
001100100000
111001110000
110011101000
010111111000
111000001110
111111011000
011111011100
010101010110
100001011000
111011111000
010110101110
111010111000
000101101110
000010101000
101111001100
100010001000
100010110010
000100011000
101000100100
011100111110
001011111110
010000111100
001100011000
011100011100
111000101100
000010110100
111110001000
000010101110
110101100010
110101001000
111001100010
000010001110
101011111100
011001000100
010010101100
111011001010
001111000010
010000110010
010110011100
001101110100
010010011000
111101011010
010111101100
111110001110
001100000000
011101011100
010110011010
100100110100
101100001110
100101001100
111100000100
101011100000
010010111000
010010011010
000110110100
011100000000
101100000000
011100100010
010010110010
011000000100
000010110100
011000101100
110100110110
100110100110
000010000110
001110111010
000010011010
110010001100
101110101100
111110101010
100110100000
111001111100
100110101000
101111111000
101000011110
101111001100
101010010100
110011100010
110010000100
111110000100
011100001110
100000010000
110010010100
001001101000
100011011000
100001011000
000010100000
001110111010
101011111000
101011010100
101010101000
001111011010
000000010100
111101000000
100001101000
101100110010
011110100100
010011111010
001110101110
111101111010
100011010010
111111100010
110001100100
011111100010
100011110000
010001011110
100000000000
001110000010
101011100000
000111111110
111111010100
111001011110
000111001110
010110100010
111010100100
001010101110
000010011100
110100101000
001010001000
001000011100
100100001100
011011011010
001000110000
100100010110
110010111100
110110010110
000011000110
111100010100
111111100100
011011001110
001010100010
010100111000
001001100100
111100101110
001000100000
100010001110
000000010000
100000000000
001111000010
011110110010
001011011110
000101000010
110101011010
010011101000
110011000110
110011110000
100010111110
110000110000
001101101000
111001110010
011100101100
000110100010
001111100110
101111001100
000010101100
000110101010
000101011000
111101010110
000000101100
001100010000
010101110110
011000010010
110011011010
101010011000
101100100110
011110001100
011010011110
000010000010
111111101110
000101011010
100111110010
100011100000
110011110010
100010001000
101001100010
000001000100
110100000100
100010011110
111010110000
010010001100
101000110100
110101001010
010011111110
111101111110
101000011000
001100011100
110000111100
010011011000
110111111000
100110000100
011011111000
100011111010
100101111010
000110000100
011100011010
111011110010
010000110110
111110011010
100001000010
011101110100
100011110010
001101111000
010101110100
011100011010
100011111000
111010000010
101100100000
000101000110
110100001100
110101101100
100100110010
011111010100
010100100000
111100101000
011010010000
000010111010
011010010000
101000010110
110101000000
011010010100
110001010100
011011001010
000001001010
001100001010
000110111100
100100000000
101001100110
000111011010
011010000000
100010001100
100101000010
111111011110
100100111010
110000000110
111010100000
011100010100
010011000110
110001001000
010111100110
010101010110
111010100010
011001011000
100000111010
000010010100
110011110110
011001100000
000111100010
000001011000
011101100010
010100101000
100001100010
110010011000
100110010110
101010011110
100001111110
100110101000
110111010010
001110001110
000000101010
111000101100
011110011010
101100001100
000010100010
111110001100
110111011110
110110110000
101101000110
000111000110
000111101000
110010011110
000110000010
010000100010
111110101110
000000011100
011001111000
011000111100
100101110100
111000100100
110110000100
011000011100
011011001100
011011010000
100101011010
000000100110
110111101000
111000001010
101001010010
110000001110
001000001110
011000001110
001001110110
001000111110
011001010010
101001010010
001011110100
110010011100
110011001000
000111101000
001001111000
100010110000
011110110100
110000110010
010000100100
111100110100
110111111000
101111111100
000101111000
111111011110
011000110000
010101011100
101000100010
101111111100
101000110000
000000001100
101011101000
000010100100
010100010100
011100000100
110100110110
101110000000
010011001100
100110011110
000001101110
111011011110
011010101100
011101011100
000101110100
111101110100
101000111110
111001011000
110001011110
001111010100
010111011110
101001100000
011110100110
000110001100
011111011000
011101100000
011000110010
110011111000
011101101100
100111110110
010110010000
110001001100
101011100100
011010100010
010110000100
000000000001
101100111110
001110001110
011100110000
110100001000
111111011100
000010000110
000000000100
101110000000
101111101110
101100110010
110010010100
001111010110
001010001110
011000110100
101110101110
010010010000
100110000110
100000111010
000001000110
010011000010
001010011000
000111100010
000111110110
100100100100
001100101000
011110101000
010000011000
000010010010
010000001010
100001101100
100101000010
001101000100
010001101100
100100101010
011110100000
100010100110
001010111100
001000100000
001110101000
000001110000
100110110010
111101000110
011110110110
001000000010
111000011000
001010100110
101101100000
110111001000
111100111010
000110100010
000100110000
010011111110
101111010010
000111111100
111001110010
100000001100
101010111000
011100010110
001001010110
101010100110
111010001000
011010000100
110100101110
010110011100
011010000100
000000111000
111010101110
010001111100
100011111100
010000110000
000110010010
000110000010
001100101100
110111110110
001001101110
001111011100
111001000100
111101000000
110011011100
000100011110
001101010100
000101011010
100001110100
000101100100
000101011110
111000110100
100000010000
010011110000
101010000110
101100010000
100011111000
001110101000
001000100010
000110100100
101100000000
110101000000
000010000010
011001000010
011111100000
001011010000
100111110100
010100100110
110001101010
010101101110
111100101010
111000101100
100000111100
101101000110
011000100000
000110000110
101001111100
011001001100
001000001000
001110001110
011101011010
101111010010
111101011000
010001100010
010111110010
101100010000
100001100100
001101100100
101100100010
111001011010
111000010110
101110001110
011110111000
100100111110
100100011000
011000000100
100111000110
101101101100
100101011110
000101000100
101011011110
001100011010
100000010010
101100011000
010000101000
110111011100
000010110110
011001000110
011010100110
110101110100
100100110100
111100011100
100011101000
110000000110
000001110010
000011101110
010010001000
101110110100
011111101110
110110000000
110001011010
100010101010
110100101110
111010011110
110110011110
001001110000
111110100010
000100001000
010101111000
011101110110
101111010000
011000100010
110001010100
101100101110
011011011100
110011011110
000110010000
101100010100
011010100010
010011010010
111010000110
110000001010
000111110100
111111100110
010010010010
010011001010
010111100110
000101100110
110000001010
000110111010
111001110010
101101110110
100111110000
110000101000
011100111010
101110111100
110100001000
010010111010
010110000110
110110000010
100110001110
000000010100
010010101000
010010101100
010000010000
010000000010
000011011000
000010010100
010010111110
001100000000
101111101010
001010010010
111111101000
111011111110
001000001110
000100001100
011010101100
010000111100
000010100000
101111100110
001111011010
110101001100
011101111010
011110001110
011110000010
011111010100
101111100110
000001000010
000101111100
101011101100
110010100100
000010100010
110001111100
011001011110
011001010100
110011101110
000001111100
011110000100
011101000000
000000110110
100101111100
001101111010
101111000100
011100001000
011110011110
110010000010
100000110100
101100111000
101100001100
111100010110
011001001100
110110001000
010010011000
110010100010
010001101110
111100100010
000011000010
101001111010
001011011010
100000100000
100110011010
000101000000
100110110110
100100001000
010100000100
000001011110
101101101100
100100110100
010011110010
100010100000
011000110100
011100110010
000010110100
100011001100
100101100110
000010100000
101010000100
000001010110
010001111010
100100111100
110001011100
111000001110
001011101100
110001111100
011011000000
001100010100
010111000110
111011110100
100101111100
001111101010
011100110110
001100110100
001101000010
101010001110
001010100110
101011111010
001111000100
110000011000
001010100100
101011100010
000011011010
001111111010
100010000000
011110110100
101010110000
011111100110
100011011110
111100110000
011101110110
011010101010
001110110100
010101011000
001001100000
010001100110
001001111110
111000100110
010000011000
000111101010
000010100100
010010100100
010000100100
000010000000
101111110100
010000000000
011111101000
110001001010
110110100010
110000011100
111001100010
011001000110
000101011100
010101000010
111010011110
101000010000
100000001010
001010001100
000001001100
110101000000
111111001000
100011101000
010110100110
000110111000
111001011000
110100011000
111100010000
100101000010
010011111010
011100100100
101001001000
101011010010
111011001100
000001111010
001100111100
011111111110
011100000010
101110101110
011000111110
001100111010
010101000010
101100011100
100111010000
111011000000
110100110010
010011011110
010100101010
101110111000
101000001010
001011101100
001100000000
100100110110
110110000000
110100100000
101110101110
100000001000
110010010110
110100010010
001100000100
011000010000
011100100100
100101101110
011001001110
001111101010
001111011000
000110100100
101111000000
011110011100
101011011110
001111011010
010100010110
111010111110
000100001100
100101110010
100111101110
111110000000
010110111100
101110011100
011010010010
110111001100
100101001010
010010101010
110010001110
101001100110
101111010100
111111000100
010101000100
101000110000
110000111110
101001111010
011000001110
101111000000
101110000110
111001110010
010100101000
010000011000
000110111100
000010101110
101100001000
111100101100
110010101000
111111010000
110000111010
100110011100
011110110110
111101000110
000010100110
011000111000
110001010000
001001111100
011000001100
110011011110
011001111110
011110000110
000101111110
011101110110
100101100100
110000111010
011101100100
001101011100
110110011100
001101111010
011111001000
011000110110
111000000000
101000000000
100111100110
010010000000
000001001100
101010001000
111011011000
000101011110
111111001010
100000010010
010111101010
010110111010
000001000010
000010111100
001011010000
000101000000
101110100110
010110110010
011110000100
000010101100
001011010010
000000011010
111101111110
110010011010
101010110000
110001010100
111111000100
011001001100
000100010100
001101110110
101000000000
010011101100
000010011110
001001001110
111001110010
001000111010
001011101110
010111111010
001000100100
111111001010
110011110110
111001000110
100100000100
011010001000
100000010000
010111101110
010001101000
110011011000
011101001010
101011101110
110110010010
011111011010
001001110100
001000111100
100011111010
001110100100
101010100000
011000100100
100010001000
001011000110
111000010110
010100001000
001001010100
010011010100
000000000001
110011011110
011101110000
001101001110
100000011000
110011010010
111110011010
001001111000
011110100110
101100101110
011100111100
001101111010
001010101110
011100010010
011100011010
100110011000
010111100110
010011000100
000001101100
101001011000
110010000000
000110000110
011100001110
110110110010
010101110110
111111011100
100001001110
101011010100
111010111110
111011101100
010101111000
010101010100
010110001110
101001101110
100001110110
000010101000
100011110110
010001010000
001001001110
010101111010
011110110010
011100000110
110001011110
011010001000
010110100010
000001110100
101100010100
000010010110
011101101000
110101110110
010001010000
110000000100
100011000010
011110100010
110110000100
011101100110
001011100010
010110100000
110010000010
110000001110
101111111010
100010011100
010010000100
110001010110
010110000010
111111100010
010111000000
111100101010
000011000010
010110000110
001010101000
001101100010
011111100100
010010110110
101101100010
111001100110
010001000100
100000100010
111001011000
100100101100
110000011100
110001101110
101011100000
000101011110
101011100100
010100100010
111011010110
100011101110
101000001110
000101110010
111001111110
011011110010
111010110000
100011101010
001000001110
000010010110
100011110000
100100001000
011010011110
100010110010
000000110100
111100011110
001010010010
000011011100
000100011010
000100101100
110011101000
010011101000
111101110000
011101001010
101001101110
001010000010
111010101000
000100111110
011011010100
110100100110
111100111110
000100100110
000010111000
010001000000
100110100010
000011011010
111111111010
011011010010
111010011100
101001000000
101110111000
011111001110
101001001000
011001011000
111001110010
101111010100
110011001110
011001010010
010111101100
011111101110
010101000010
110011001010
011001101110
111011010100
101001101110
010100001110
110001111010
101011101100
110110011100
100010011110
110010100010
111100110010
110111000110
000111100010
101111010100
101001101100
101001101000
001101011110
111001101100
110001111010
111010101000
010000111010
111000001100
011000110000
000110001110
001100010100
110111111010
010010101100
100111101010
000111110100
111100110000
111001000000
110001110000
110100000110
111010010110
001011011100
011011001110
011010111110
110011111100
011011100110
101010101000
101000110010
100011100000
101100000110
111010011010
000110101100
000011000000
101100101110
100110001110
110000000100
110101010110
010111000100
000000100010
001100101010
110011001000
111101100100
111101000110
000101011100
000110111000
010111110110
111010110010
011110010010
010101010100
010001100100
101100101010
011111001010
100010110010
100010110110
010000001010
110001100100
100000001010
101100001100
100110100000
110111010110
000000110010
010000111000
111010101100
110001001100
110001101010
010000010100
010000110000
101011001010
111010000100
010001101010
000000111000
001011001010
111001000000
101110100100
101001010100
100100100010
100110101000
011010000000
010001010010
010110011000
001010010000
100001000000
011110001000
001000100000
100001101100
001001100000
100010010110
101010100110
111110110010
101110000100
111100111100
001010110000
111111100110
101100011110
010101101000
011010001100
110111000100
000011111000
001001010100
000010000100
111000100100
000100110010
000100110000
101111010010
011010111110
001001101010
000001000010
110101110100
010100011110
011111010100
110000110100
001000011000
011111111000
010001011010
001001101100
101000100110
011110111100
100011111010
001100111010
110100100000
001110000100
100110111010
111101101000
110100110110
100110011110
011000100000
000011100010
010010101010
000010100100
001110111000
101101001100
111101001000
101110010100
110010100000
100100000100
100101101010
110101111110
101001000000
011111110000
001110001000
001101101100
011100101000
010000101100
000101011100
000001101110
111001111100
000101010000
000100111010
101011001000
111010010110
001011000100
110010111000
011010100110
100000011000
100101000010
111001010110
101100001110
111011001010
001100010110
100010101010
001011110110
101100110100
011001001000
001110101010
011111101110
011111001000
110100101100
101011100100
101011110010
001010000110
110001011110
010000011010
000000011100
010111001010
100101000110
011001011010
010111010000
010101110100
100000001010
110001101110
011100101000
110110011000
100010010000
110000100010
000001100010
010111111000
000010100100
000011000010
010001111110
101111101000
100000001100
110001101000
011111010110
001001111000
001111011000
011110111110
011001101100
011110001010
001110011100
011101100110
110010100100
101110001010
001111100110
111101111000
011111000000
111111101010
001110000010
111011011010
010100011010
010010100010
111010111100
101110011010
110000000110
111100111010
000000111000
100000010100
100111001000
100111001000
101000011110
101111011100
111111010010
101100010010
110010100010
111100100000
000000000001
END
