8
00000001
01001100
01001100
01100110
10001010
01000000
11110100
10011100
10100110
10001100
11101010
11111100
10000110
01001000
01011110
01010000
01110110
01010010
11110100
11110110
11111000
11010100
00110100
00010010
01101110
11110010
00000000
11101110
11001000
10111000
10101010
01101000
10110100
00000010
01000100
01110000
01011100
10010000
01111100
11010100
01110010
00101010
00100100
01101100
01000000
11101010
01010110
00101110
01000010
10100000
01011100
11011010
01011100
01010110
11011100
11111000
10001100
00111010
01100100
00000000
00001010
11101100
00001000
11011010
11001100
10011100
10100000
10010010
10101100
11011100
11011000
00000000
10011000
01110110
01010100
10000110
11100110
11000000
00001010
10111100
00111110
10001010
10011000
00001100
11101010
01000100
01000100
00001010
11110100
11010110
10110010
11100100
01101000
10001100
00100010
00000110
11001100
10000010
11110100
00100110
10010000
11100010
11001110
01011100
01111100
11101010
10000010
11011010
01110000
00111000
00111100
11100100
11100010
00100000
00001100
00011110
10111010
10011100
10010000
11011000
00000000
11100000
00011010
01001010
00100010
00011100
10101100
10011000
11111010
10100010
01100010
10001010
10111000
01010100
01000000
01111110
01100100
01101100
10000010
00100000
01001010
01110010
10110000
01101110
00110100
00110100
00100010
00100000
01101000
10010000
01101000
11111100
01100110
11001010
01001100
11010110
01110100
10100100
01010000
00111000
11100010
01010000
01001100
10100100
11100100
00011100
11010100
01101010
01011100
11100100
01010000
11001010
01001010
11110110
11111010
01011000
11111110
10010100
10111110
00000000
01110100
10001010
01010100
00101010
01000110
11110000
00101010
00000000
10100000
11001100
11101000
10010110
10100100
00111100
00101000
01110010
01010110
10110110
01000010
00001010
11100110
11111100
11000110
00001010
00100000
11001100
10011100
01010010
00010110
10101110
11101010
01001100
11111110
11001100
01111010
00011000
11010000
00100110
00111000
01100110
01010010
11111100
00000100
00111000
01101110
00010100
11100110
11011110
01100000
11001010
10111110
10001000
01101000
10011010
11001010
01001000
00000100
11001010
11000100
11010010
11011010
10101110
11000100
00011010
00110010
00011010
01010100
11101100
00101010
01000010
01111010
10011100
10110110
01101000
11010000
10100110
10000110
01110100
10001000
00010110
00000000
11111100
11001010
11111100
01111100
00110110
11111100
11010000
01000000
00000100
01010010
10001010
10001000
10111010
00001000
10010000
01011000
00111100
11011100
01111110
11010000
10110110
00111110
01011010
00000000
01011110
10000000
01000100
01010000
01011000
10000000
00001010
01100000
10010000
00111010
10111000
01100110
01011000
11000000
11110010
01000100
01011100
10001110
10011010
00100010
11001110
01101000
00011100
00110000
00110010
00001010
01101100
10000100
11000000
10100000
11110000
10001000
01000000
00010100
11010100
01010000
10111100
11110000
00000010
00111110
11111100
00010110
00101010
00101100
01110010
01011100
01101110
00010110
10100100
11010100
11110010
11000110
01010000
00101010
01000100
11111110
10001010
10000010
11001000
01000010
01000110
10011000
11101100
00101100
11011010
11101110
11101000
00000100
11110100
11000100
00110010
11111110
11100010
01000000
11111000
11100010
11000000
00010010
00111000
00101110
01001100
00001110
10101010
10111110
00000010
00101000
01011100
01011110
10010010
00110000
00101100
01111100
00101010
10111000
00001000
01010010
10000000
01101100
10101000
10100100
11011110
01010100
11011000
10000110
00011110
11011000
11101100
01011010
00001000
01100010
11100100
00010110
11010010
00100100
11011110
11111100
10111000
11011000
11000110
00000100
10111100
10000100
11001100
01000010
00010110
11100110
10001000
01000010
00000000
01100010
10011000
01000010
00011100
10000110
10010010
10011100
11111100
00010000
00011100
10111000
11011010
00001100
01000010
11011100
00101110
10101110
01010110
01101110
10110110
11110010
01010000
11010010
01000000
10110000
01100110
11110110
11111000
11111100
11100100
00111110
00000000
10011010
11100110
10101110
11100100
11001110
00000100
00111010
11001010
11101000
11001110
00111000
00100110
00011000
00111010
00010010
11111000
10000000
11000000
10110100
00000010
01011100
00010100
01011010
01110110
11110110
00000010
00101010
11101010
11110010
01100110
00110000
10000110
10001010
11011000
11110100
11010000
00111000
01111000
00110000
01101000
01110110
10001100
10101110
11001100
11000010
11011010
10000010
01010100
00111110
11111100
11011000
10001100
11100100
10110100
10010010
01101100
11011010
11111100
10011010
01111010
10001110
11011000
00000110
11101110
00000010
00110100
11011100
10011000
11010100
01100000
11110010
00100010
01011000
10001000
00000110
00100010
01111110
10111110
10101000
00111010
11110100
10111100
10000110
10011010
01001000
01111110
10001000
01100100
11000100
10101000
01010000
00111000
00000000
10111000
11100100
01110010
00010000
00011100
11100000
01110100
01100000
10100000
00111000
11010100
00101010
11101110
00110100
10000110
01000010
01010000
00101100
01101000
11001110
01101000
01111110
10101010
10111110
10101110
11011000
00101000
11111100
00000000
10000100
01101100
01011000
11010000
11101100
00110010
00011000
10001000
01000000
11001000
00000010
11100000
11011110
11110110
01000100
11010110
11001100
01110010
11110110
01100000
10100010
01111100
01100000
00101100
11110010
00001010
11110010
10110110
00011100
11001000
10000110
00110000
11011000
11100100
11100100
00000100
11001010
00111000
11011110
11100010
11100000
01111100
00010000
11000100
01101000
00011110
01011100
01011110
11010100
00111010
00101100
10100000
11001110
00010110
11001110
01011100
10111010
11011010
11111100
11000110
00111000
11001010
11011110
00101100
01001100
01010010
01010100
10010110
11110110
01100000
10111000
11111100
10001110
01000000
00010000
00111000
01111110
10011010
10100010
10010100
11110000
01010100
10111100
10111110
00000010
00110100
01001110
01110010
11111100
01000010
10011100
00011010
01101010
10011100
10011010
00101000
10110110
01000000
11000110
00111000
01001110
11000000
10001010
00000000
10011010
01010010
10011010
00100000
00010010
11110110
10011110
00010100
00110010
01110010
10000010
01001100
11100100
00001000
10001010
01000010
11110010
01001000
01100100
10101000
01000100
00001110
10001110
01011100
11001100
01111010
01101000
00000000
11111010
11110100
00101000
01001100
11101010
11111100
00000100
01111000
11111000
00101010
00000110
11111010
01100000
01101100
10001000
00111010
11010110
01010100
10110100
11111100
11011100
10110000
11111100
10111110
11010010
01111010
10101110
01110000
11101010
11110110
01100000
11011110
01011100
00001000
11101000
10010100
00101100
11111100
01000010
00000110
10000010
00101110
10101010
01011100
00100100
00010100
11101000
11000100
00010010
10001010
11111100
11010010
00111000
10010010
00010000
10111010
00010000
10011000
00001100
11011000
00111110
00101100
11000100
11000100
10100010
10000010
00000010
00000100
01101100
01001000
01000100
00111000
10111100
00101100
10111110
01101010
01101010
01101000
00010100
11110110
11000100
11110010
01101100
11000000
01110010
11101000
11110100
10001000
10011010
00011010
00111010
00000010
00100100
10110010
11101110
11110110
01001000
01011100
11101100
00011100
10110010
10111010
01111110
00000000
11011000
10010100
11111100
00100100
01010100
01111100
10100010
10001000
10101100
01101010
00010100
00010000
00100000
11101010
01001110
01111110
00101000
10000010
10010010
10010110
01101000
10000100
00110000
00001010
10110100
11001110
10011000
11000110
11111100
00010000
01000110
11101000
01000010
00111010
00010100
00111010
00111000
01110000
11001110
11100010
10011010
01001110
00101000
00111010
00100000
10100000
10101000
10100010
10010010
01101000
10001000
00001000
11100010
00001100
00110110
11011010
11000100
01011010
00000100
00111100
10001000
11001010
01011010
11111100
10000000
10010010
11010000
11000110
10000000
01100100
01010100
10000110
01010100
11010010
01100110
00001000
10000100
11111100
11000110
01110110
00001000
10101010
01000010
01011010
01101010
00100110
01001000
10011010
01001100
11011010
01001100
10011010
10111110
01101000
11110110
11001100
00000000
11111010
11101100
11011000
00111100
01000000
00111110
01000100
10101110
10001100
11011000
01111100
01110110
00111000
00100110
00001100
00111000
11000000
10001110
01100100
11100000
00000010
11111100
10010100
11010100
00010100
00011110
01011100
00001010
00101000
01111010
11111110
11111110
01000010
00000000
11001110
10111000
10001100
10001100
00011000
10110010
01011000
00111010
10101100
00011000
11101000
11001110
01100100
00001110
10001000
10110100
11001010
00110000
01100000
11111100
10100000
01110100
00111100
00010010
11101100
10001110
00100110
10110110
10110110
11010000
01000000
00010010
00001010
10110000
11110010
01011000
00010100
01000010
01100000
00001110
10010110
11111010
10101110
10110010
01000110
11111100
11010010
01100000
00011100
00110010
01100100
10010010
00110000
11000010
11011110
01110000
01000110
01001010
11110010
11110110
00000110
01000000
00111010
11000110
10011000
11110100
11010000
10111110
00111100
00011110
00110100
01010000
11010100
10110100
01101010
10111110
11111100
10101010
END
1424134772
