33
000000000000000000000000000000001
000111111100000100011110100111110
001100011000111001000111101101000
101001101001110010001001100011010
000011100100100100110010001011100
010001000100010001001011000111110
111110101000010001010111001011010
110001011011001111111010011111010
011000101010000100110011001101110
000110110000000010001110011001100
010000010110100101000011111001100
000010011100100000101100001111000
000100001100011010100101010101110
100110101100101011111010101101010
001000001100100101110111110101010
101100010110101110101010000110000
101001111101010001010010111110000
100001000101100101011110110101010
111101011110011101010010010011100
001001010100110110000011000100010
100110000010110000010001110001010
010011110111000001000010010100100
000010010001010001001100100111010
101101111100011101011110111110000
000110010011101001000101111010100
011100111010100100001110011110010
111100011010111000000111010110110
010011111100110000000010111100010
001011110100101011100110011001100
110101101010000100110101110110000
001010001011010111010101100101010
011101010111010011100111000110010
010101011110110000000000011100010
000010101011101000100010001101110
101110110100001001011000111100010
101110111001000101011111110010010
110010010010110100100011000101110
011011010110010100100111100101000
011111000001100100100101110111010
110100010100010101100110010100010
001001000001011010110011101111110
010011101101001010010000000111110
000000000101101001010000100111010
001110101110011101001001111010010
001111000101000000110000000110000
000101110101101001000010010100100
001001111001111100000100101001100
110000100101100100011000000011010
010111101101100100110000000110100
011100111000010000100110100001010
111111111010000100001100010010100
010101110001011111001101110010010
001001010010100010101110000110100
011111110111011111100010011010010
101010111101101101001101010111010
101111101100101101011111100011100
111011000111011110111001101000110
110110010011101001111100001100010
100110101000111101110001110010110
011011000001111001000111001010100
101000110010011001000011101101000
110010011101010001100011010000110
111101000111101011010111110110100
011111010000011101001001110011000
010010011100100000100011000111010
010000000001001001010110000111000
111000000011011110111100111100010
100101101010110011001010101100000
111011111101111100011001110001110
110001110100111101011011101101010
011100010001001011110111110010110
010100011111111101100110101001100
011101000010010101101001011000110
011010010110110001000000101111100
011000001001101101100111010010110
011100110101000001101101001001100
000010111111010101101010110011000
100000001111001101100001011110100
011001111000101011100000000000100
110110100101001001100010100011000
001101100101110000111111001101000
001011011111111110001100111001000
111101011011100110011001110001110
001001011011111000010001110001010
000010010010000000010001101010100
010000011101011100000110011101110
100111100010010110111011100111000
000100110100000000011110110011000
110001100011111010010100001111000
101101111101100100100111001101100
110011000001100111101111011000000
000010010110001010011001110110100
001100101111110011111011110000000
000001010010101110010111010100000
011000000100001010010001111001010
011100100110000000111101110101100
010001110001100100001111100110110
111000100110000101001110111110010
001001001101110010000011000101010
110111011010000101000110001000000
001111000101111001000010110100100
001000111101011001101100001000000
010010111000111100011110110000100
000000001111011100010001101101000
000101010101001110101011111100100
010100000101100111000100111011100
101001010110110000100010001001000
100100101100111011001010110100010
011010111001000010010010101001110
110011001111011110000101111101100
111101110000101010100110010101100
110101110101011010010111111001100
000100110111100001101001010010100
010000100010010101100010111100010
010000101011011011100110011000100
101110010010001011011101110010110
110111110010000101001011001010010
011101010100001001101111100111000
001001011110110100101100001011110
011001000110011011101000011001100
110111101100010010111011111001100
101010100100011001111100010111100
101100011111110110110000010110100
010100001001110010111000110000100
100101011010101110000001001010010
110010110100011001010010100000000
000111100100011100101100111100010
111011110000001111100111111011100
000011100101111010001010011010000
111110011011001110001101001001110
110110110111000110100010011100100
001011111000011010010000111111000
100101111110001101010111011000100
000000101001100110110001000100100
111011010000100010011001100110000
111011101100100001111110000011100
111100111011111110111001011011000
100100001100011011000110001011010
110100111011001011100111110101100
001001111010111110101010111001000
001010001000010011111100011110000
000110110000100000111101101111110
100001001110010000111011111101010
000001101100101101101010101011100
010111010010010101001100001100010
111001100010101000000010010111010
100001101101101100011001000011010
001111101101000011011111101101010
001000001001100011100000010100010
101001100001111100100111111110100
101011111001100010011011011110110
100110010110000110101001111000110
101000101010101101111100011111110
000010010110111001100111110001100
011011100100001000011010101000110
111011101110000111110000101110110
000100100001001011000010100111000
100001110010001110111001101111010
101001010101011100100100111001110
000001010110000000101010011000100
110100100111011000001111111001100
101011111010000010000111011110100
110000011110110010110110011010000
101011111011000101100111111111100
100000111001100001000010101100000
110001010010111101111011001001000
011000000100011111100001101011000
110100111101101001110101101011000
011001000001101100001010100001010
001110101110111011001101111001010
101011010111111011011101001111000
110011111100010100011110101001010
001001100000000000101111111101010
000010000011001100100100011000010
111010111101110110110111001100100
100000111010110011000110100101110
100001111011111101110011111100100
010001100111000101000101110111100
010110111001010000100111000110100
101000110000111110011101110110100
001000100101011011100010101000000
010001000001011100000101111110110
111101010000111111101010110111000
100110010011110101111001100010100
010010111100001010011000001100010
101000111101110000110110101001110
101000101110111110010111011000000
010101111000011111110010101011010
010111011111111100000111001001010
111110000011101101101111100111110
000000111000011011110100011100000
111101001100001000001011001110100
011001111101001111011101101101110
010010100101011001110110010100110
011111111001001111000011000001100
001000100011111101101110000011000
110010010110000101111011010110010
010111001000111100001011111000100
001101000100110110010000110011110
010011100100100111010000000101010
001000001000011011010010101111110
100001101101101100111100111101100
001100100100101100101010010001110
001001011110100001000000110101100
000011100001010101100101010100000
000000000110101010010101010000000
000001000010110111000011001111100
000011110101001111101101010001010
000101000000010010110100001010000
001101100110011011000110011011000
111011011101110110111010011111000
101100111001010100110000010110110
111001101011110010010001111111100
101111100101001111110110100110010
110100100011101100111110000100000
100001001110100001000000000010100
101000010010000100110011111011110
111101011001111101100010011010110
101001011100110110101011010100100
011010101001001101010000011111100
101101101110100011110111111101010
011101000001011110101001100011010
110011001100001110010110110000100
001111111101110001111011000010110
110110101100110011111001000100000
101001001001111100000110011110110
000101000100011100000100001000110
000110101101100100001100010101010
001000110000011110011100011000000
111100011000010110101100011100000
100001011101001000101011111011100
111100110111110001011000111111110
111111101100000010110011100011110
011110010101100100001010010001100
000100000100000011100011100101110
110101101110101000101110111001010
100000011000101001100110101111100
100000101011000111111010000110110
100010000101000101101110101000010
000110000000001011011110110110010
100011100000100101101110000111110
000100111110011100000110001010010
011110000110101000001100001111010
000111001010000000111101100100000
110011110001010111001101111100000
000001101011000010001110110000010
010000100101001001101100011010000
011011000111111000001010111001010
100111111100010000110111000011010
111000111111111111111000101110000
011100011001000111110001011100110
101101011101010011011011011011010
000101001101110000101110000111010
011000111111010111000011100010000
100011100111111100111110011000100
111101111011100011000101010110110
001010100110101110111101010111000
111001000001001000011110110110110
010111110000010000111001001001110
010010010011100000001000011111110
000101010101000000010000111010010
011011111100011111001001001011010
101001010000111011001101110000110
010011000000001001010110100000010
100100100010000011011101001111010
110011000000101101111010001010100
001001011100011111111111111011010
001111001101111011100110101110110
010101110100011111001001110111010
000011011010001000100010100001100
100011000000101101011111101101000
011100000000000000011101000111100
001100111111100010000111110111010
011000100000010001010100110100010
000000011111100111100001011111110
010000000001110011010000000001100
110110111001111111110000000101100
001111010011101001001011110011110
100001110001101010110001110100110
011110000111100101100100101101010
111110010000101100000001110110000
001000010000111110101111010110110
111010110111011001000111111110100
100000011101011110101000001011100
011011011101101000111001110010000
010110001000101100000001100000010
101010110000110111100101001101100
100001100000001000111010100001110
010001101111110100101100010111110
100001010100110110011010101100010
000100010010000110111100000011100
110100111111000100010010001100010
010011000011100011110100000101100
000100010010000101011000000010010
110101011110100010011110001101010
101001011100100011011111110000100
111101011111110001110011000100110
111100000111100110001110010110000
000110011001111011000111001010010
110101001100110011111110111111000
110110011101101010111100011111100
011001111101010100111010111011110
001000011000011010010010111000010
010000100101001010111011110111010
001010000010101011001100110011010
011010011000000011111101010001010
100101001010001100101111100111100
110000011111000111010111100001110
110001011110010101100101011100100
010000110010000100010001000111100
100010111100101000111001001010100
100001000110111010000111011000100
110000101101110101011010110011100
010111111110001010000100100100010
000101000001011100010111000111010
010001001011101100000100111011010
110000111100101111001110100000100
011001000110111111000100101111010
001010010100101001100111110001110
011000110011100001100001010011000
100111010111100100000000110101110
000110001010011111011011011001110
100011100101001000101010100101000
000001001000001001110100011101110
011110100110001100101001110101100
100001100110001010101110101000110
001001010101010101010101101001110
101000000101101001100110101010100
101001011110000000011101111100000
000111111111101011100010101101000
000100010000000101101101111001100
010110010001000001101110000101000
000100101011000011111011010001110
110001000101111010011001111001100
011001011001101010111111110011000
010101100111011110000001111011110
010111010100111010100101011100000
010111110001110110110101000000010
011000010000111101001111000011000
100100010110111011011111110100110
110110001001110110100011001001110
011110101101010001111110000000110
000110100001100010010100000111100
000100001001101011100001010111010
100110011100011000101111011011110
010011111011010011001111001110010
100000011110010001110011000100010
101101000001000110111000111100010
010001100101110010100111111110100
111000011011100010000011110000010
011110010100000001010111101001100
100000001000111001011101110101010
110101111100110100011001000011010
000011000011000010101111010010000
001100011111100011110100000101100
101110101100110101110101001001000
100000011101111100001110110110010
101100101010000001100100000111100
100111111010110110001111101000010
101100000001011010000001010101100
101010011110101001110110111110010
010111011110111010001100110111010
100010110111010110100001010010100
110110010011111010001011011010100
110110001101010110101011100101110
100011000010111100101011101011100
111001010000011110000011110001000
000000000100000010000111000110110
100011110100010111101011010110000
101010101111001110101101000100100
101101101001100010101100000010010
011000010011011100001101100100100
001011100011100110000010010000000
001011101000100011000000001111110
111001011110010010111000010001000
010110001011111110000011100111110
110011110000110100110010001110010
111101111110100101010101011011110
000000000010100001001000100001100
111111111011000100010000010011100
100110001111111101001100111001100
010000000010100100000111010111110
011001100000011101110110000111010
001101011010101100001101101111110
110110000011100001010000011110100
110001111011101111001001110111000
110111111000000001111101011100110
010110010101100000011010111001010
110001100110011011111110000101110
010000010100001001001101000110010
010011100101011000011011100001110
010001100001100010001101001000100
000001101011110001100110110001010
111000101110010010110101000101000
011110100001111110010010010100100
001101010101100011000100001000000
100101111100000110111000110100100
010001111000100100001001110111010
100001101011101000110100110101110
010001110010100010010001001001110
010111011011001111001010010111010
111100001000101100001101100100000
101110001101011001010000011100010
111010110101010101111001111101100
000001100100111111001110100011010
110000011100110100001011100001000
111011101111110001010101101111000
010111000011110001110001010000110
111110001111111100101000111100000
110000110111100000100101111001110
100110100001111001001010001011000
010100111110110010010101001100010
000111111011010010000110110011100
000100101000010110110100000010110
000101010001000100001010100000100
110110100011001011101110100000110
011110100001110010011100101000100
111110100000111011010011011010010
110010011111001011101001111001110
000101111000001011101000100010000
101010101101000111000000001111110
101100000001111001001101110101010
010101101000111010011111111110010
110011101010110011110110010111010
000101111010110010011111001111000
100111100100101001010110001001000
010110010100100001101010001101110
010001100010100111110110101001010
101111101011100011110011110001010
111001010001111111001101110010100
011111110100011101011010111111110
111100110010101010000000010000010
111111010001001110111101101011010
111011100011011101000001001000100
111010011110100100110010110110010
110000111100001111100101000011010
110010011011001101010111010110010
010101101110001111010011110000100
101111111010100101001001110001010
101001010001110111101100101111010
011010000010101110111111001100110
111011010000100011011000101010000
111011011011110100011100110010000
000110001100010000101010000101110
100111110010111010010000110101100
001010111100000101001101011000100
001001100010011000000111101000010
010100011110110011111111101100010
110010101110001000110111111110100
111101001010010001111110010011010
100010100011100111001010010101010
011101111001111100010100101111100
010110000110101111001001011110000
100001110101010110010000110100100
000110010100100000110101000001100
111001000001100111000011001011010
111000011001101011100110011000010
111010100100110010011101011000000
110010011011001001111000000000010
010000010101101101100010100100010
010110001011101111101101011001000
001100000101010010011101001100100
100000101100011011001101110001110
100010100101100001110110001100110
010100101010000000001001000110000
110010110001111001011101111110110
001010100010100110001011011100010
001000011111011100011010100011100
110101111010100101101000101011000
011001110000110101101111000001000
000000001111010010100010001101000
010010100001110101000011000110000
000000011001010111001011011000010
100010000001100101100101111110000
101010010011111011101110100000110
001011011000000001111011001101100
001101110001111100001011111111010
001011000100011100110101010000110
100011101011011110001010001000010
001110111101110011101001101001110
111101110011110100010000011100110
111011111110100000011010101000000
011011010111110110111101001001100
101110001111001000011011100100100
111010011000111000101011111101110
011010101110100011000001110101100
010011000001000110010010111110110
111000110100001111110011101010000
011010111011011100100001110010010
110111011000111110011010110010000
001110010111000010100001100000100
000100001110000101110101100101000
100000000000001010111010011101110
111000000000010110100000111111000
000000000000100001001010001111100
100101111111011000110010001001010
101110010000110011101100100110100
001000100101011001000001001100100
010011110101001111111100111111110
011110110110110000100111000101110
001100010100100110011101100001000
111010111001111111010001001010000
000110001111011001100100110101010
111101100111110101001000111101000
110001001101000010110110001001100
101011111001110010100101011100110
100010001000101100110100000001000
010001110111110010101000001000000
011001000001111010100000011001000
110101111010010111101110011000010
011000011111110010010010010001000
010100001010110010011100001111100
111011110011111110011101110011110
011010000011111010000101001010010
010010000101001001111100000010100
001110001101100100010100111110000
010110110001100101010011010000100
100100100000111010110001101001000
111100001001111001101001110111110
000111000111101001101010011101100
101101100000000000101001100011100
000100011000001001110110011011000
000110010100100111101011110001110
111011010000011111010100100110100
100010111010010011100111000000010
001010111011101000001011101111000
001111101010101001011011011100110
111111010100101110011001011101110
001100010100110101110000011111000
111111111001100010001100010101110
110001010101101111101111111001010
011000011101110110111101101110100
101101001110000101010111101100010
101111000011111101110111110000100
000101110011111011110101111111110
010100100010000010001110111101110
111100011110100001001110011100000
001111000101000100101111111001110
101001010001001000101000010111100
010000010100101100111101100000100
100101010001000000100100010101110
111101110110001100000101101000010
111000101001011010000110100100010
111010101010011001000100111011000
011001010001101011001111001111010
101101011001100010000101110001010
000110100110011101100010111110100
000111011111000000000000011011100
111101111010001110100011001100110
101100111000110101000001001010000
100111011100100000101110100111000
011100110111110100110101100011000
111110101100001101010011100100100
100011111111111010100010110001110
010011000010000110111010011000100
101110101111001000100100010011110
111101001011001011011101000111010
100110011111100000111000010011100
100100001000111001101100101110100
111111110000100101001100101010110
001100000010101011010010111000000
011011010011000010001100110111000
001110111010100101001010100010000
010010010010100100111111101001100
000010011101001100101011010010010
011110100110011111011110000111000
000111110010000100100000111100010
110011111111011010110110010111110
010101100001000111101101000001110
001110111001001001010101011010110
000000100110010111000110010011000
111101000001100000000110110100010
111010010101000001001111001011100
100000111110100001101011101101110
011010010110000111111001000101010
000001001000111010101000000110110
110011000101010111100000111110000
110001001001101010101101100011100
100011110011011010110111011011110
110100101010100110010100000110000
110011001100000100000110111000000
000010001001011100000000001011000
100011111110001110110010000001100
101010000101010010100100100100110
111111110101100011001100110111000
110111011100001010001000101101110
000001110101101010000001100100010
110000111011101000001110101011100
111100000100010011110100100000100
111011100100011010101010111110100
111101111100100010101010101101010
100001110011011101011100011101010
110100111001100011110111100001100
001001110011011010100011111000100
100110100011100101100001110110100
000000110101110101000011110110110
001100001011010010010111111101010
110101000110101010101000100000100
001001000011001011100001111100010
101011101000001010011000110100110
010101000000011110001111000011010
111001111111000110011101101000100
010000111101010011001111000111100
110100001010111101111111110100010
101010101100001010100111111111000
111010001101100110101001101000100
110101010100010110000010010010000
110101001101010100101010111000110
111100111101101111110111010001000
011011110000110000101110100000010
011001100110001000100100100001110
110111100110000000101100010111100
111100111110100000000100111100010
010110111001110110110110110100000
111101101110000000100110011001110
100111011110010101111001110011000
000110000001101111011101100000000
011101010011001011101111111011110
111111000000010000010000000010110
110100001100100110101111111100010
100011000101110100101100010000100
011111111010001101010010000100010
100110011110101100011010111101010
000001011011110101000011000110000
010011111011110011100100100111000
101100000011011100110010101101100
111001001001101011000000100111010
000001100110100111011000001010100
110100101110010000010011010011000
000100110011010111111111000011110
011110000100100001110000101110010
000111110011000101110000001100000
110111000001101011000001110001110
011011001111111101101000011000110
110101101110010001001011011011110
101010010011111010011000110111100
110100101010111100001110100011000
110101001111111100100000000001000
011111000000001110110111001100000
011111010101110011011001010000000
111001000001011111111111011010000
001001000110000001111011001000100
010110110110000000011101101110000
001100100100010100000100100011000
101010010000010101100011001100100
110001000111110110110010000000110
000011110110110110000110000001110
101000101100101000010100111101010
011010110000111110010011011001010
110101111110000000110010100101100
011101000010110110100011011110000
001101111000101100011011101100110
100101100001001101101111000010000
110000111010111100100001000010000
000100011111001101100001001010100
101011011111110001000110001011010
110111111010000111111001110101010
111100011011101010101010100110100
001011001101011000111111111001010
000110111111100111101111110011000
110111100100011111011101010100010
011101010101101100010010101000010
110101011101000001110110010110000
111011111100011010110101010100010
100011010101010111101010111111110
100001001011101000001001110100110
011110001000011101110110110001100
101100111101010001100111101011010
011100110100101111101100111000100
001100100001010010100000111100100
101110011000001011100100001001010
000011101111010110110100111000000
000110011011010111110010111010000
100110011101101010101000010010100
101000111101011000010101100000100
001111110110100010011100010111110
010011000010011011011100100101010
001001100001101000100101110001110
011100000001101110101101001101100
010001000011111000101000001011010
001100011010110011101111001001100
110111100011101100101001110110000
001100110101000001101010101001000
001101110011111001111010000110010
010111101101001101010100101010000
000011001011110101010011011110010
000110100101100000110000011011100
000011000011000010101000110000010
001101000000001011111000011110110
101011011000000101100100011110100
000110110001111100110111111011100
011110111101010011010010111000110
101000101010001011001110100001100
101100000001011001101001100010110
010001010011011001111110011001100
001011010101011010111100111101010
010010000110010110101101100000000
000000010010100110101111011100010
110110010110111011110111011010110
000111100011101011000000000001100
101011101100001100001011011001110
000000010010001101011010010011010
110011101100011101110111010101110
111000101000011001010001000000100
101010110101101000011100001000100
100100111101001100001010100010110
100100101011110010011111010111010
100110000101000110011011011111000
000010100000010110110010101000000
101011010101010001010100000001110
111001001010011001000001011100110
111111110100101011101110001101000
010111000010010011010001101101100
010111101000101011111000001111100
101000000011110000000011001000010
010011011111011011010011110000100
111011001010100010011001111101010
010111010110010011111111111011000
111101000010101000111100100110000
011110100011001101110010111010000
101010111011010001100110100000100
111110000111111111000010010010010
100001000110110110101100011000000
000010010001110011010101111011110
011111010100111001000010001110110
001100110011110010011010011000100
110110010100111001010111101111100
110100001000110010101101010101110
000010010001000111100110110111100
011110010010010010101000000100110
000011110101000000111111101000110
111011100110001001010010110010110
110010010111000111100010100010010
011110101000010101011111110000100
111100101111101010010100110111010
111110001011000100001100101010100
011010100100011000111010011011010
000010001011100110111001100010110
001100000100111100101001010010110
100001011101111110011001101111000
100110110110001100110110101110110
100000111011100100111010010000110
101101010010111110010110011110110
101001000101110001010011011011100
110000011001101100100011111110110
111001111111011010101100100010000
101101111110010111011111001011000
110010100000110010011000101111000
111001010101100110101111111111010
101001111011100011001111010011000
101111111010100000010001111010000
001100100011001011100000010011000
101010010011100100100001010000010
000100101111011011000100110110010
100001011100001010011010111111010
110100011110001001010100000011000
011111000110011001100010011111100
000010101001101010110110011100000
001110110000111000111001011111010
100100001110001000101001111110100
110000101101011110011110001110010
100100101010000100000010010100110
011110010101110100111100110000000
000000101100000110010001111011010
100000000101101011110101110110100
111110111110001111001111011100010
000000001001010001111000000000010
100111000010000000010111100000010
000101001100101101110101100001100
000010101010000111010011000100000
111011001101111001001100010000000
001011011111001000001100100100000
101000111100001000011101011101100
011100111011100101101110110111000
000001010100101101100110110000100
100001111110100000001110110000110
010111000110001110110101000001000
101111101110101110000110110001000
001101001100001110110011110111000
111110011101111010000011000011010
111001101100000011001000110001100
100001111100101110111011110110000
001110100001111101001111101001010
011000011001011010101101000011100
100111101101111101111101011010000
010001001011101100011110001100000
101000000100011000110010110100010
101000101101101100100110110110110
100111101010110001011000011110000
011100110111000010110110001001010
000000111101101000101000110110010
010111000011100101010011010101000
001101100001000010111101010000100
101100100110110101010101001000010
110110111011110100011001011101010
010111001110010100011011100101000
000110100110011011001101100111010
100100101011100100111100010100110
010010100000001000010010111110110
010111001001010010110010011110110
011101111101001000110110000111110
000010101110000001100010110001100
000101101100100101101110110101000
100101111010001010111010001010110
010000010100110101010100110111000
000100000001010000100101110000010
110110011011111000000111001000110
111001011101011011010000001000010
011001110101011110110100110110010
101110101111101000101101010011110
110011011100010011111101001011100
011111001101001010100100110101100
100000011000010101000001110000010
001011101101101111111110010111000
100010111100011100110000101110110
011110010110011110010000111010110
111111010111010010101100110010000
111110101111111100101100010001010
010101010100001000111110010010110
011011110111101110101000010110010
111000010101011100110010101000010
110000101111000000010111111111100
110111100001101101001010110001010
010101110101010011101000100010110
100010111101010101111011011010110
001000111011111100010101011100000
010010000101010010101011100101010
001001000010110110100011001011110
111000010010101100100110100010110
111111011011000001000101011111000
011110000010010110111011101011010
110011011011110010010101111111000
111101101110000000011110101101110
010100000110001110001101110011010
001000001000101001001011110001000
011000011101101001101011100110000
110100010000110000100100111101100
100000010101101001001000100101000
111110111111101110111101000001010
110111111111011110111110011111110
100100011100001000110010110011000
111001000110110101111101000000100
010110110010010001010001011100010
011001111101010001000110000111100
010010010110010110110101111100110
011100011000001111110000000010010
000000010010000011110111110001010
000000011000100000010011001110010
001111010011110011101110001011110
110101111100010011110001001111010
010101000001111101001111010100100
010010111010000101011101001111010
111011010001010100011100001011000
000000010011101000000111011000100
011110000111001001111101101100100
000101001111011011011101000101000
001000100011000010111100111100010
111100000111000101101111011001010
101111001001101101101000000101110
100110001001100000011110001100000
010111010100000001111010000100010
000011010110010101001010001011110
011110010001110110101010100000110
011110010001101011100010100011000
001001001110000011001001101110110
111100001110100001001011010110100
000010110100111100100110101111000
100001110100001000010111101111000
010011000000010000110001100110110
110111110100001011111100110000010
100101000100011111010000110010010
000100111111010100110110010101000
110101110000110111011101010110000
001011111110110000101110000010110
110001011100100111011111100001010
011000111101110111001011001010000
110100101111110110010101101000000
011000111111110001110010111001100
010111100001010111011101011001010
011001000101001101110101010110110
111000101001101110001100000110110
101100000101110010110110100111110
100111010100100111001100000110010
101010100000000101111010111000110
000001000011100100011110001100110
011000110001101001000110000110000
010010110110111001110110111101010
001011000100101101000101010010110
011111110101111010000101001111100
000011000000101111001110100001110
000100010000101111001111010001100
111100010001101001111011001000110
000011100010010010000100001001010
001110111100011100011010001101010
101001010111100100111101111111010
011011110101101001111001011011000
110001010100101100001101000100110
111001011001101111010011001101110
101111101001001011001010001111110
010110010001101000010011000111100
001110101001110110110011010011000
101110101110101011100111101010000
110011000001101000000001011111110
001111011110010100101011111100000
101010011110010101010101001011010
100110101101101000110001110000010
001011010101001011100100110101000
111111100010100011010011001011110
011100111111010011100000101100000
110001101001100011001110010011000
110101100010011100101011011111010
011100111001100101001000000000110
111111111100110001111110001000100
100100001000100001101011001100010
010011010011011101100000101111100
101010111111101001000000011010000
010110001110100010101011100100010
001011010010111011001011110001000
010001110110101001011001111010110
110111101110000001011011100000110
101010110101100000001000000101110
010000011101001101010101000110110
101101110111001010000000111011100
110110111011110100110110010111100
110111110010100011100010110010000
000000100001011001111100111001000
011100101011101010101010000101100
111001111001110100000111101011000
101111101010100010011110101100010
100101000110010111101010100010100
110000110100011111110001001101110
111100010100101001110000001011010
001001100111000001010100110011010
000100000101100101010100000110000
001011100000010110000101100001110
000100101110000011110101010000100
110111110001011100011110011001110
010111000100011010011001100111010
110010110100011000111011101001010
011111010110000011010110011111000
001100111101101000111110101111100
110001010111111010100010011101110
010010101110001001000010110100110
100101001010100101011100011100110
111111111100111101110101100110110
001100001111101000010001100110110
000011000010000010010011010111110
010100110011011111111001101100000
101010110000100011111100111110110
001100100111111100011010010111010
011010111001110110000110010100100
001100110101100000111010111100000
011010010001101100010011111111100
010110011000001000110101011100100
101101011111111111010100011101110
110101100011110001100000111101110
011000000010100110110111011100000
110011001000001100001101010011000
010001011011000100111100010101000
000010100011010011111111011001100
001110000000011000001111001110100
001001001100011001011101010011100
011111100101001111101110010111010
100101100011110101000100011000110
011110110011110001110100000100010
100010001111111001100110010001110
001101010010101000001100101001110
111010001010101111001011000001010
010110101111101011011101001010110
101111100111001010100010101010000
110100111110110101011100000011010
011010000110010000100001001011000
100111101101101010001110101001010
001001011001000011010110000101100
001110000010111001110101011100110
110111101001100110000011110010100
000000000011000000011111111000110
110001000011000100001001011101100
110100100010001010010111100100000
100011001011011100010000000010000
101010110010100101101101011001000
001001101011111010011000011100100
011001000001010000101100000100100
110111000111000100000100010011100
010110011100010001000100100000100
001100011010101110111001111011100
101100101001111011101111110001000
001000111011011001000000011000110
011101000010100011001001100101000
101010111111111111000011100100110
000101001100010100001101001100000
100001111101110101111100011101110
011111010110010101000111110111110
110011001101000100110000011110110
110101101111100100100001101001000
110000101001001011010111000110110
011001000010011101111000110001100
110011011011010100011010000100000
101001011110110001000010001100100
111001110000101101001010001010010
110000110110000111011010010010000
110000100001011110001110011011010
111001110010100101100000010100100
111101101001110011111100010100000
001011000011000011100000110000100
111101010101001011010110000110100
100011000001110111010010100110010
010100000001111111011001001100010
000100000011101000011101011000000
000010110010110101001000010100110
010111001011111011110101100110100
100000111100110110000011110001100
101111000011100000000110010000100
110001111100001101100101000101110
101010011101100101010011000100010
000010000101100000000011100000000
000101001110101001100100111010010
011010100110010110010111000000000
011111101111110000100011000011110
011001100101000001011001100000000
100010001010011100000000110000000
010000000100111110100001010111100
001011001100101000010010100100100
010110011111110110000010101110010
101110011111010100111111110110010
001100111101111001011100010011000
111001011011010101000000100111100
000111000001110011010000100011100
000011110101011000001110001110010
100010101110100000111101011000100
010111111001010000000001101110000
110101101011001111101000011101000
111110100101111111000000011101010
111001011100111101101000100000110
011001101111010010000001111110110
100110101110110010101000111000110
111011000000010011110010101111010
111010010010101110001011000000000
010110100000000010100010111001100
001110011101111101011001000010010
000000110001100110010000010010110
111111100000010011101000101101100
001101001101110111100001111111100
101110111101001110011000110101000
011111111110001000101001011000110
111001010011011101110011010110000
110011100101100011010010100001000
100000111110111100100000101100100
111001011101110010011101110011000
010111000110010000001000110001000
010000110001010010101111101110110
011011010011110000111111000001000
010101010100111010111000000000100
011100010001111000101111111000000
110101000011111000001101010010110
111101000101010000100111011010100
101100110000101010101100110000000
010100110000000000101001110111000
101001111000000111101110001100000
000000111000101100111001101110010
110011101001101001000011011111010
101100111010001000110100010001000
101110111011111101110001111000100
011101110010100110111001000011110
101111011100100000100110110010000
011010001011001111111000000100100
000010000010010101011100110111010
011010100010000011010101010101000
011000001100000000101110110111100
100010000010000000000011001000010
100000111100001100101001101100000
011110000101011110101110101000100
100101000100100101100000000000010
000011010110000100001101100111100
011101010111000111100011011110110
000001111000001010100111101000010
010010101101000011110100000010000
010001100001100010111001111110010
010011111001100101101001010000110
100110101010100110000100111000110
000110011101011111100011000010000
110011000101100111000100001100100
001101000011100101011000001111100
101101111011111000010011001101100
100001001010001111111000111010000
100011001110100010000011100011000
001000000011001001101000101110100
110100111001111111100101011100010
010000101011010101100011010000100
100001001111010001011000011111010
001100000110111010101010010100000
010110001011110111110110111010010
001010001001011100101100010011100
110011011101111010001110010101010
011111110111101000001000001011000
111101110001100101000011010110010
101101100101011110111100000111000
101000101100000011010011100101100
110011101111011001011001100001110
010001111011001010011111100110110
101011000010101000001111110010100
110001101001100100110000101000000
011001111011110110100101101111110
100100111100000111010011100111110
110100110110111000001010011011010
010001010001010000110101010111000
010001011001001010011000011100100
010000001011111111011111000010100
010111100010101001111011110001000
110101011001101110101001111101010
010010101000010101111100001011010
011000000100010000110010001101100
010101010100001010010001100110000
110100000011000100011001110011110
110101011101110011010101111100010
101011001011100010111100000101110
011100000111101010000101111110100
101101000110100110001001100010110
000011110001001110010110100001110
111000101101101001001010010000010
110000001100101111001110010111100
100101111110011011100100110100100
011110011100110001100000100100000
011101010011100011011010000011010
110101101000100100011011001110000
110001011011011100011001010111100
001111010001111110010000111000010
000000011101100000101000010101100
010010001010010011100101001010010
010001000100000111110011101110110
111010011010011001000100011011100
010011010110001100100110110100000
011001001101100001000100110110010
010100010001000001011110010101110
011111100000000010000100101110000
111100111101010110101100111001000
100011101010110101100111111011000
001101011100111000101101010010110
111001000111110110111101011001010
111010101110000101101110010010110
111110001100011000011101010101110
011001101001111101010011100000110
111000010100010100001101011110010
000000100010011111000010101101010
101000101011001111101001011000110
000111111001110001010111001110000
011000010101001010111010010001000
011011100010011110110011010111100
111100010110111001110011001000100
000000000000001010000000001010110
110000101001110110011001010011110
100011010111111011000000101000010
101010101011010011001111001010110
000100101010011110011010101010100
100111110000001000011110100010000
000011101101011010111101111101100
000110110001101010001100110100010
010010011000000010000001110000000
001101000010101000101000101101010
101110100011101001110101000000000
100101110100100101000010011010000
100101000001010101111011111011100
011000000001100011101010110101100
010010111100100111100101010000110
111000111011000011010110011010100
110110010000000111100000110110110
100001101101110101101101100001110
100111101010111110100111111011100
110011001100001100001111111000010
001101110100110000011000110101000
111100101101001001001000011001010
011010001111100000010000110110110
100000111001101101011011000101000
100111000111100010111001000100110
101111010000010010101010001110010
001110111000010110000101101110000
011100100110101011000101000000010
101011011110011101101110000101010
111000111101110111110101000111000
001001001100011111110110001100000
100001010010100101110100000000010
110100000001111100100001110110100
010111000000100010001011010101100
000100000100000100011100011011110
110001111010001001010001111110010
101010110110100101100100111100110
011000001000001110001100110011000
111000101111101101111110010000010
010111111110001111100000000000000
000111010110011011110011100101010
100110001010010010011111010100010
001001001110011011111110111110000
100001110100101101101000110110100
100011110011001100001111010011000
001000100001110011000011001010100
010000110011111000101011111110100
001001001110101001011011111101110
000111000001110111011110000111000
001000100100011001100011101110110
110110011011110100000001101000100
110101101001110110101110000001110
000011100001001101010000100011100
000000000000110000010110001100000
000100010000101011001010000111110
100001101110000110110110100111000
110000011111011110011011010110100
100101010110000100000010111011110
110101010111110001001110001110000
111000101011001011000100011110010
111110110100110001000000010110000
111111000001111101101111011011000
101011011100011000011110000110000
011111000010100111100001000110010
011101110011101010010100111011010
010100000101111010011010101101000
011011111110001101011101110100000
110011000100111001100110011011010
111001010010010001011111000000110
010101101001010100011000111101100
111011101110110000111110001100110
100001010111111111100000011111000
010000110100111100000001100010010
101000000001110010000001101010010
011000000101111111011111001110100
001000101100010011101111000101000
000011000011001001001110010111100
010110110001001011010001111001100
011010001001001110000111100011000
000001111001100001001001110100000
010001101010111101111011111111000
011001110011100100100010100011010
100001110001110110000011101110100
100000010100001111111001011001010
010001000000111110110110100000010
000010110001101011000111000010100
000111011110000011001111110110100
110000000101001100001101111110010
001000100001110110111011101111100
010011011000111000000111001011010
000101101111000010011111010101000
101100101111111110101110101110000
001010101101000101100011110000010
101001101001111110010111001101100
000000111001001100101100100010100
010010100101111110000011111010000
010100110001110110001110010100000
110010110000010111101011000110110
110010001001111100010000111101000
010100101010100101010101110100000
011100101011100100110101010110000
101101010111000010111011101101010
110100111010011101001011000001100
011001000000011110011000000111010
000010000110001110110110100011000
000011000110000011001110100100110
110100100000100011100100000001010
000101101000001010111011101000010
100111000110101010010011001010000
011000111111111100010011101110100
000001010100101000101110010100010
000101101111110101111111011101100
011110110010110000000100110001110
100000111000110000111101101010010
000001110101011100110010010011110
110101011011001100010001000111100
110110010111000011001100010000110
110101101111101011100011001011100
000111000010010100011111100111000
110010111011100000111001011111000
001100100000000110000100110001100
111001111110001101110110011010100
100110010111010110101011111011000
011000001110100001010101111010100
110101100010100011111110100010110
001101010101111100001110011111000
001100111111000001000101100110100
101101000110101101001101111000010
110010001001001010100001110000110
010000100001000101001110011111100
000000100110000010111100011110000
001101010001100010100110010110000
001111110111011101101011100111010
111000001000000111011110000111110
110101010110000111011011001100100
011010110100000110010110001011000
101010110011100001111111101101110
110011010011101011110110011010100
001000001110111101111000101001010
100110101010000001011101000000010
100000110111111000010011110010010
010001000011100111011101100111100
100010110100111011001000101100010
001001101010010001110101000111100
000011001011010001111101011101100
000110010010111001001001110111100
000011010101001000110101010111010
100010111110111011011101100011000
000100110001010000101000110100010
100101000010001010000000110111110
000110010100010100110100100001100
101011011010000000010001000011010
010000001010001011001110111111010
000111001110011000001110010111000
110111011110001011001011101101100
001010100000101101011100100001010
001010000101111001010110011111000
111101100011001100000001100100000
100110101111111111000110101100100
011011100011100110001000101111010
101000001110001000010011100111110
101001001111111101010101001011010
100100011001101001010001101000010
100000010100110011010000111001010
101111011011110010000011100010100
101000111001101011110000101101000
001110010001101011001110011011000
010011011001010100011010000101110
100011101000011111001011111011100
001100010100011100000100111111010
100110000001101110000010111111010
010111010010110110011000111101000
110100010101100010100111011010010
101011011101000110001001100011010
011111110111101000011011001010000
110000101010100111111100111010010
011101101010101011010011010011100
000111111110110001101011101000100
010100011010110101111011011011000
010000111100101011000001011101110
011010010110100111000000111001000
000111000010011010011001001011100
011011011011101100100111011111010
000010110110011011010011001101100
011100011000000011001100111010000
111010110010010010101111011011010
100000100010110010001010011101010
001011000011011000011110011010110
101001000010111111000100101000110
100100100001111111111000010011000
101100111000111011001001101011100
100011101101101011001010001100110
011110100011011101101001010011000
111001001011100111101011110100110
101110100011010100110011110011100
010111010100100101100001101001000
001101001000001100100111011000000
011011001101110100101101011011000
110001010001111110001001111111100
010000100001111011011000001110100
010010110101011101010100111000000
100110011011011000101010000110100
010111101110001000100110111010000
011001010101110000011110000111010
110010110110010111000110100110000
010100110001001011110000001101110
111010001010110110101110000001000
000110111110000001011011010001100
000111111110111010000101100000100
110111011110011000000011001111010
010100001001101111010000001000010
100010110010000110011011111111000
100011111010001001101000111011000
111000111100010010000001001111000
011000111001101100001100010110000
100010001100111111111000101000010
100100111001110011101000010100110
110101100101101011010000010110100
111011010110111100010111001110110
110011101010000001111100000100010
111111101011101110111011011111000
000011010001101100110010111101110
100101001101001011101011100110110
000010110101010000001111111111010
101001011111110100100011101011000
010010110000111010011111110010100
001111010001111101101111001011100
001010110110010100001110101011010
000110101101110000000101100101000
010100110001011000101111100011110
010110001010010110100000001001000
101101000100101010100001100111100
000001000011101011110100111001010
001101100011011110010101100010110
010011100001110011111011001000110
111110011100101110110001001100000
100011101101011101101011101100110
010001011010001011001110101010000
000111010100101101001110101111100
001001110111011101101100100011110
001000000000011011010110001111000
110100100011010001100100010110110
010010001001001010001111011000110
111011100111100110001100110100110
111010101110101111110100111011100
011110101110000001011100011101010
001111000010101011100001100111010
100110010101101110101011110010000
001101011000010110111110111010010
001001011011100011110001001110110
111101110111011101100011110111100
110110110100100110010110000100010
100010111100000011100100001110100
001100100011101010001101001000110
101000010110000110110011001010010
000010111001100010110010111011100
100001101011011110011100111110100
010111110000100101010011001100110
010011101001011001111110100000010
000010001111010010110010100000100
101001101001110001100011011101110
110001111001100101101111001000010
110000111110101111111000000101010
100001011100000101101111010100000
000011011110110110101000101001100
001110110101101011101101101010000
110011101101110000010111101110010
111010011110001000001100101010000
110111001011001001011100010000000
101110100001111001111001011001110
111001111011001001111000111100000
010001010100010101011001100001110
101011100101001100100111010101010
100011100111010111110110011000000
010101000001111001111001101100100
001110101111011111001110101001010
110110011111111111010100100000010
110000101001111001110111011001000
001110011000001101101100000000110
001001111110100111000000010101100
110101011001111011011101001010000
100010000001000101010000000000000
000101111100010010001100100111000
100011101100100010010100101100100
101100100100000001000100100101010
111101101011011001111111111100100
011000101100101111111011101101000
000110101101011101110000110110100
END
1424134594
